LITHIUM
S   9
  1    6601.0000000       0.0001170
  2     989.7000000       0.0009110
  3     225.7000000       0.0047280
  4      64.2900000       0.0191970
  5      21.1800000       0.0630470
  6       7.7240000       0.1632080
  7       3.0030000       0.3148270
  8       1.2120000       0.3939360
  9       0.4930000       0.1969180
S   9
  1    6601.0000000      -0.0000180
  2     989.7000000      -0.0001420
  3     225.7000000      -0.0007410
  4      64.2900000      -0.0030200
  5      21.1800000      -0.0101230
  6       7.7240000      -0.0270940
  7       3.0030000      -0.0573590
  8       1.2120000      -0.0938950
  9       0.4930000      -0.1210910
S   1
  1       0.0951500       1.0000000
S   1
  1       0.0479100       1.0000000
S   1
  1       0.0222000       1.0000000
S   1
  1       5.6140000       1.0000000
S   1
  1       1.8600000       1.0000000
S   1
  1       0.6160000       1.0000000
P   3
  1       6.2500000       0.0033880
  2       1.3700000       0.0193160
  3       0.3672000       0.0791040
P   1
  1       0.1192000       1.0000000
P   1
  1       0.0447400       1.0000000
P   1
  1       0.0179500       1.0000000
P   1
  1       9.7850000       1.0000000
P   1
  1       2.5930000       1.0000000
P   1
  1       0.6870000       1.0000000
D   1
  1       0.3440000       1.0000000
D   1
  1       0.1530000       1.0000000
D   1
  1       0.0680000       1.0000000
D   1
  1      10.6020000       1.0000000
D   1
  1       3.0660000       1.0000000
F   1
  1       0.2460000       1.0000000
F   1
  1       0.1292000       1.0000000
F   1
  1       6.6830000       1.0000000
G   1
  1       0.2380000       1.0000000

BERYLLIUM
S   9
  1   14630.0000000       0.0000920
  2    2191.0000000       0.0007130
  3     498.2000000       0.0037350
  4     140.9000000       0.0154680
  5      45.8600000       0.0528740
  6      16.4700000       0.1456940
  7       6.3190000       0.3026810
  8       2.5350000       0.4049360
  9       1.0350000       0.2223870
S   9
  1   14630.0000000      -0.0000170
  2    2191.0000000      -0.0001300
  3     498.2000000      -0.0006790
  4     140.9000000      -0.0028570
  5      45.8600000      -0.0098130
  6      16.4700000      -0.0286090
  7       6.3190000      -0.0637600
  8       2.5350000      -0.1172310
  9       1.0350000      -0.1212020
S   1
  1       0.2528000       1.0000000
S   1
  1       0.1052000       1.0000000
S   1
  1       0.0426100       1.0000000
S   1
  1      21.7260000       1.0000000
S   1
  1       7.8660000       1.0000000
S   1
  1       2.8480000       1.0000000
P   3
  1      14.0300000       0.0040990
  2       3.1680000       0.0256260
  3       0.9024000       0.1037680
P   1
  1       0.3036000       1.0000000
P   1
  1       0.1130000       1.0000000
P   1
  1       0.0428600       1.0000000
P   1
  1      30.8980000       1.0000000
P   1
  1      10.3650000       1.0000000
P   1
  1       3.4770000       1.0000000
D   1
  1       1.0720000       1.0000000
D   1
  1       0.4410000       1.0000000
D   1
  1       0.1811000       1.0000000
D   1
  1      30.3900000       1.0000000
D   1
  1       6.0920000       1.0000000
F   1
  1       0.4810000       1.0000000
F   1
  1       0.2550000       1.0000000
F   1
  1      12.4820000       1.0000000
G   1
  1       0.4150000       1.0000000

BORON
S   9
  1   23870.0000000       0.0000880
  2    3575.0000000       0.0006870
  3     812.8000000       0.0036000
  4     229.7000000       0.0149490
  5      74.6900000       0.0514350
  6      26.8100000       0.1433020
  7      10.3200000       0.3009350
  8       4.1780000       0.4035260
  9       1.7270000       0.2253400
S   9
  1   23870.0000000      -0.0000180
  2    3575.0000000      -0.0001390
  3     812.8000000      -0.0007250
  4     229.7000000      -0.0030630
  5      74.6900000      -0.0105810
  6      26.8100000      -0.0313650
  7      10.3200000      -0.0710120
  8       4.1780000      -0.1321030
  9       1.7270000      -0.1230720
S   1
  1       0.4704000       1.0000000
S   1
  1       0.1896000       1.0000000
S   1
  1       0.0739400       1.0000000
S   1
  1       4.8640000       1.0000000
S   1
  1      13.2880000       1.0000000
S   1
  1      36.3040000       1.0000000
P   3
  1      22.2600000       0.0050950
  2       5.0580000       0.0332060
  3       1.4870000       0.1323140
P   1
  1       0.5071000       1.0000000
P   1
  1       0.1812000       1.0000000
P   1
  1       0.0646300       1.0000000
P   1
  1       5.4890000       1.0000000
P   1
  1      16.3020000       1.0000000
P   1
  1      48.4180000       1.0000000
D   1
  1       1.1100000       1.0000000
D   1
  1       0.4020000       1.0000000
D   1
  1       0.1450000       1.0000000
D   1
  1       6.6400000       1.0000000
D   1
  1      24.4620000       1.0000000
F   1
  1       0.8820000       1.0000000
F   1
  1       0.3110000       1.0000000
F   1
  1      18.7940000       1.0000000
G   1
  1       0.6730000       1.0000000

CARBON
S   9
  1   33980.0000000       0.0000910
  2    5089.0000000       0.0007040
  3    1157.0000000       0.0036930
  4     326.6000000       0.0153600
  5     106.1000000       0.0529290
  6      38.1100000       0.1470430
  7      14.7500000       0.3056310
  8       6.0350000       0.3993450
  9       2.5300000       0.2170510
S   9
  1   33980.0000000      -0.0000190
  2    5089.0000000      -0.0001510
  3    1157.0000000      -0.0007850
  4     326.6000000      -0.0033240
  5     106.1000000      -0.0115120
  6      38.1100000      -0.0341600
  7      14.7500000      -0.0771730
  8       6.0350000      -0.1414930
  9       2.5300000      -0.1180190
S   1
  1       0.7355000       1.0000000
S   1
  1       0.2905000       1.0000000
S   1
  1       0.1111000       1.0000000
S   1
  1       7.2160000       1.0000000
S   1
  1      19.5700000       1.0000000
S   1
  1      53.0730000       1.0000000
P   3
  1      34.5100000       0.0053780
  2       7.9150000       0.0361320
  3       2.3680000       0.1424930
P   1
  1       0.8132000       1.0000000
P   1
  1       0.2890000       1.0000000
P   1
  1       0.1007000       1.0000000
P   1
  1       8.1820000       1.0000000
P   1
  1      24.1860000       1.0000000
P   1
  1      71.4940000       1.0000000
D   1
  1       1.8480000       1.0000000
D   1
  1       0.6490000       1.0000000
D   1
  1       0.2280000       1.0000000
D   1
  1       8.6560000       1.0000000
D   1
  1      33.2130000       1.0000000
F   1
  1       1.4190000       1.0000000
F   1
  1       0.4850000       1.0000000
F   1
  1      24.6940000       1.0000000
G   1
  1       1.0110000       1.0000000

NITROGEN
S   9
  1   45840.0000000       0.0000920
  2    6868.0000000       0.0007170
  3    1563.0000000       0.0037490
  4     442.4000000       0.0155320
  5     144.3000000       0.0531460
  6      52.1800000       0.1467870
  7      20.3400000       0.3046630
  8       8.3810000       0.3976840
  9       3.5290000       0.2176410
S   9
  1   45840.0000000      -0.0000200
  2    6868.0000000      -0.0001590
  3    1563.0000000      -0.0008240
  4     442.4000000      -0.0034780
  5     144.3000000      -0.0119660
  6      52.1800000      -0.0353880
  7      20.3400000      -0.0800770
  8       8.3810000      -0.1467220
  9       3.5290000      -0.1163600
S   1
  1       1.0540000       1.0000000
S   1
  1       0.4118000       1.0000000
S   1
  1       0.1552000       1.0000000
S   1
  1       9.8620000       1.0000000
S   1
  1      26.6270000       1.0000000
S   1
  1      71.8940000       1.0000000
P   3
  1      49.3300000       0.0055330
  2      11.3700000       0.0379620
  3       3.4350000       0.1490280
P   1
  1       1.1820000       1.0000000
P   1
  1       0.4173000       1.0000000
P   1
  1       0.1428000       1.0000000
P   1
  1      11.3200000       1.0000000
P   1
  1      33.3490000       1.0000000
P   1
  1      98.2450000       1.0000000
D   1
  1       2.8370000       1.0000000
D   1
  1       0.9680000       1.0000000
D   1
  1       0.3350000       1.0000000
D   1
  1      11.8280000       1.0000000
D   1
  1      45.2180000       1.0000000
F   1
  1       2.0270000       1.0000000
F   1
  1       0.6850000       1.0000000
F   1
  1      28.3640000       1.0000000
G   1
  1       1.4270000       1.0000000

OXYGEN
S   9
  1   61420.0000000       0.0000900
  2    9199.0000000       0.0006980
  3    2091.0000000       0.0036640
  4     590.9000000       0.0152180
  5     192.3000000       0.0524230
  6      69.3200000       0.1459210
  7      26.9700000       0.3052580
  8      11.1000000       0.3985080
  9       4.6820000       0.2169800
S   9
  1   61420.0000000      -0.0000200
  2    9199.0000000      -0.0001590
  3    2091.0000000      -0.0008290
  4     590.9000000      -0.0035080
  5     192.3000000      -0.0121560
  6      69.3200000      -0.0362610
  7      26.9700000      -0.0829920
  8      11.1000000      -0.1520900
  9       4.6820000      -0.1153310
S   1
  1       1.4280000       1.0000000
S   1
  1       0.5547000       1.0000000
S   1
  1       0.2067000       1.0000000
S   1
  1      12.9740000       1.0000000
S   1
  1      34.9000000       1.0000000
S   1
  1      93.8810000       1.0000000
P   3
  1      63.4200000       0.0060440
  2      14.6600000       0.0417990
  3       4.4590000       0.1611430
P   1
  1       1.5310000       1.0000000
P   1
  1       0.5302000       1.0000000
P   1
  1       0.1750000       1.0000000
P   1
  1      14.4750000       1.0000000
P   1
  1      42.7300000       1.0000000
P   1
  1     126.1400000       1.0000000
D   1
  1       3.7750000       1.0000000
D   1
  1       1.3000000       1.0000000
D   1
  1       0.4440000       1.0000000
D   1
  1      14.9270000       1.0000000
D   1
  1      57.5440000       1.0000000
F   1
  1       2.6660000       1.0000000
F   1
  1       0.8590000       1.0000000
F   1
  1      26.4830000       1.0000000
G   1
  1       1.8460000       1.0000000

FLUORINE
S   9
  1   74530.0000000       0.0000950
  2   11170.0000000       0.0007380
  3    2543.0000000       0.0038580
  4     721.0000000       0.0159260
  5     235.9000000       0.0542890
  6      85.6000000       0.1495130
  7      33.5500000       0.3082520
  8      13.9300000       0.3948530
  9       5.9150000       0.2110310
S   9
  1   74530.0000000      -0.0000220
  2   11170.0000000      -0.0001720
  3    2543.0000000      -0.0008910
  4     721.0000000      -0.0037480
  5     235.9000000      -0.0128620
  6      85.6000000      -0.0380610
  7      33.5500000      -0.0862390
  8      13.9300000      -0.1558650
  9       5.9150000      -0.1109140
S   1
  1       1.8430000       1.0000000
S   1
  1       0.7124000       1.0000000
S   1
  1       0.2637000       1.0000000
S   1
  1      16.3190000       1.0000000
S   1
  1      43.7840000       1.0000000
S   1
  1     117.4720000       1.0000000
P   3
  1      80.3900000       0.0063470
  2      18.6300000       0.0442040
  3       5.6940000       0.1685140
P   1
  1       1.9530000       1.0000000
P   1
  1       0.6702000       1.0000000
P   1
  1       0.2166000       1.0000000
P   1
  1      18.1190000       1.0000000
P   1
  1      53.5050000       1.0000000
P   1
  1     158.0010000       1.0000000
D   1
  1       5.0140000       1.0000000
D   1
  1       1.7250000       1.0000000
D   1
  1       0.5860000       1.0000000
D   1
  1      18.9430000       1.0000000
D   1
  1      72.7980000       1.0000000
F   1
  1       3.5620000       1.0000000
F   1
  1       1.1480000       1.0000000
F   1
  1      25.1610000       1.0000000
G   1
  1       2.3760000       1.0000000

NEON
S   9
  1   99920.0000000       0.0000860
  2   14960.0000000       0.0006690
  3    3399.0000000       0.0035180
  4     958.9000000       0.0146670
  5     311.2000000       0.0509620
  6     111.7000000       0.1437440
  7      43.3200000       0.3045620
  8      17.8000000       0.4001050
  9       7.5030000       0.2186440
S   9
  1   99920.0000000      -0.0000200
  2   14960.0000000      -0.0001580
  3    3399.0000000      -0.0008240
  4     958.9000000      -0.0035000
  5     311.2000000      -0.0122330
  6     111.7000000      -0.0370170
  7      43.3200000      -0.0861130
  8      17.8000000      -0.1583810
  9       7.5030000      -0.1142880
S   1
  1       2.3370000       1.0000000
S   1
  1       0.9001000       1.0000000
S   1
  1       0.3301000       1.0000000
S   1
  1      20.1800000       1.0000000
S   1
  1      54.0420000       1.0000000
S   1
  1     144.7250000       1.0000000
P   3
  1      99.6800000       0.0065660
  2      23.1500000       0.0459790
  3       7.1080000       0.1734190
P   1
  1       2.4410000       1.0000000
P   1
  1       0.8339000       1.0000000
P   1
  1       0.2662000       1.0000000
P   1
  1      22.2220000       1.0000000
P   1
  1      65.6220000       1.0000000
P   1
  1     193.7800000       1.0000000
D   1
  1       6.4710000       1.0000000
D   1
  1       2.2130000       1.0000000
D   1
  1       0.7470000       1.0000000
D   1
  1      23.6130000       1.0000000
D   1
  1      90.1070000       1.0000000
F   1
  1       4.6570000       1.0000000
F   1
  1       1.5240000       1.0000000
F   1
  1      28.8300000       1.0000000
G   1
  1       2.9830000       1.0000000

SODIUM
S  16
  1  1224000.0000000    0.478894D-05
  2  183200.0000000    0.372395D-04
  3   41700.0000000    0.195831D-03
  4   11810.0000000    0.826698D-03
  5    3853.0000000    0.300251D-02
  6    1391.0000000    0.970310D-02
  7     542.5000000    0.282337D-01
  8     224.9000000    0.732058D-01
  9      97.9300000    0.162897D+00
 10      44.3100000    0.288708D+00
 11      20.6500000    0.346829D+00
 12       9.7290000    0.206865D+00
 13       4.2280000    0.328009D-01
 14       1.9690000   -0.647736D-03
 15       0.8890000    0.145878D-02
 16       0.3964000   -0.178346D-03
S  16
  1  1224000.0000000   -0.116958D-05
  2  183200.0000000   -0.909110D-05
  3   41700.0000000   -0.478499D-04
  4   11810.0000000   -0.201962D-03
  5    3853.0000000   -0.735837D-03
  6    1391.0000000   -0.238746D-02
  7     542.5000000   -0.704969D-02
  8     224.9000000   -0.187856D-01
  9      97.9300000   -0.446153D-01
 10      44.3100000   -0.897741D-01
 11      20.6500000   -0.142940D+00
 12       9.7290000   -0.124315D+00
 13       4.2280000    0.999648D-01
 14       1.9690000    0.417080D+00
 15       0.8890000    0.475123D+00
 16       0.3964000    0.163268D+00
S  16
  1  1224000.0000000    0.175871D-06
  2  183200.0000000    0.136594D-05
  3   41700.0000000    0.719795D-05
  4   11810.0000000    0.303349D-04
  5    3853.0000000    0.110752D-03
  6    1391.0000000    0.358596D-03
  7     542.5000000    0.106272D-02
  8     224.9000000    0.282687D-02
  9      97.9300000    0.676742D-02
 10      44.3100000    0.136480D-01
 11      20.6500000    0.222814D-01
 12       9.7290000    0.196011D-01
 13       4.2280000   -0.167708D-01
 14       1.9690000   -0.773734D-01
 15       0.8890000   -0.113501D+00
 16       0.3964000   -0.139130D+00
S   1
  1       0.0699300       1.0000000
S   1
  1       0.0328900       1.0000000
S   1
  1       0.0161200       1.0000000
S   1
  1      24.2820000       1.0000000
S   1
  1       4.8740000       1.0000000
S   1
  1       0.9780000       1.0000000
P   9
  1     413.4000000    0.908196D-03
  2      97.9800000    0.741773D-02
  3      31.3700000    0.357464D-01
  4      11.6200000    0.118520D+00
  5       4.6710000    0.261403D+00
  6       1.9180000    0.378395D+00
  7       0.7775000    0.334632D+00
  8       0.3013000    0.126844D+00
  9       0.2275000   -0.147117D-01
P   9
  1     413.4000000   -0.901741D-04
  2      97.9800000   -0.739342D-03
  3      31.3700000   -0.357309D-02
  4      11.6200000   -0.120142D-01
  5       4.6710000   -0.267178D-01
  6       1.9180000   -0.392753D-01
  7       0.7775000   -0.376083D-01
  8       0.3013000   -0.433228D-01
  9       0.2275000    0.518003D-01
P   1
  1       0.0752700       1.0000000
P   1
  1       0.0312600       1.0000000
P   1
  1       0.0134200       1.0000000
P   1
  1       4.4660000       1.0000000
P   1
  1       1.6890000       1.0000000
P   1
  1       0.6380000       1.0000000
D   1
  1       0.1538000       1.0000000
D   1
  1       0.0865000       1.0000000
D   1
  1       0.0487000       1.0000000
D   1
  1       8.6060000       1.0000000
D   1
  1       3.1370000       1.0000000
D   1
  1       1.1440000       1.0000000
F   1
  1       0.1912000       1.0000000
F   1
  1       0.1036000       1.0000000
F   1
  1       6.2580000       1.0000000
F   1
  1       2.1730000       1.0000000
G   1
  1       0.1722000       1.0000000
G   1
  1       4.0970000       1.0000000

MAGNESIUM
S  13
  1  327600.0000000    0.309608D-04
  2   49050.0000000    0.240954D-03
  3   11150.0000000    0.126660D-02
  4    3152.0000000    0.533359D-02
  5    1025.0000000    0.190770D-01
  6     368.8000000    0.588058D-01
  7     143.2000000    0.151454D+00
  8      58.9600000    0.300716D+00
  9      25.4000000    0.381149D+00
 10      11.1500000    0.213584D+00
 11       4.0040000    0.231210D-01
 12       1.7010000   -0.230757D-02
 13       0.7060000    0.128900D-02
S  13
  1  327600.0000000   -0.783173D-05
  2   49050.0000000   -0.607935D-04
  3   11150.0000000   -0.321197D-03
  4    3152.0000000   -0.134955D-02
  5    1025.0000000   -0.490570D-02
  6     368.8000000   -0.153561D-01
  7     143.2000000   -0.423409D-01
  8      58.9600000   -0.940603D-01
  9      25.4000000   -0.163425D+00
 10      11.1500000   -0.124754D+00
 11       4.0040000    0.235623D+00
 12       1.7010000    0.577563D+00
 13       0.7060000    0.335232D+00
S  13
  1  327600.0000000    0.150908D-05
  2   49050.0000000    0.117134D-04
  3   11150.0000000    0.618980D-04
  4    3152.0000000    0.260088D-03
  5    1025.0000000    0.946218D-03
  6     368.8000000    0.296595D-02
  7     143.2000000    0.821245D-02
  8      58.9600000    0.183977D-01
  9      25.4000000    0.326657D-01
 10      11.1500000    0.257315D-01
 11       4.0040000   -0.535351D-01
 12       1.7010000   -0.156895D+00
 13       0.7060000   -0.206659D+00
S   1
  1       0.1410000       1.0000000
S   1
  1       0.0680800       1.0000000
S   1
  1       0.0306300       1.0000000
S   1
  1      23.2430000       1.0000000
S   1
  1       9.5610000       1.0000000
S   1
  1       3.9330000       1.0000000
P   9
  1     539.6000000    0.833969D-03
  2     127.9000000    0.689215D-02
  3      41.0200000    0.337874D-01
  4      15.2500000    0.114401D+00
  5       6.1660000    0.259514D+00
  6       2.5610000    0.385095D+00
  7       1.0600000    0.335373D+00
  8       0.4176000    0.110641D+00
  9       0.2690000   -0.121315D-01
P   9
  1     539.6000000   -0.132076D-03
  2     127.9000000   -0.109538D-02
  3      41.0200000   -0.539495D-02
  4      15.2500000   -0.185572D-01
  5       6.1660000   -0.427375D-01
  6       2.5610000   -0.647684D-01
  7       1.0600000   -0.627818D-01
  8       0.4176000   -0.244912D-01
  9       0.2690000    0.104761D+00
P   1
  1       0.1223000       1.0000000
P   1
  1       0.0547600       1.0000000
P   1
  1       0.0238800       1.0000000
P   1
  1      39.5360000       1.0000000
P   1
  1      12.7780000       1.0000000
P   1
  1       4.1300000       1.0000000
D   1
  1       0.1060000       1.0000000
D   1
  1       0.1944000       1.0000000
D   1
  1       0.3570000       1.0000000
D   1
  1      12.5330000       1.0000000
D   1
  1       4.6770000       1.0000000
D   1
  1       1.7450000       1.0000000
F   1
  1       0.1810000       1.0000000
F   1
  1       0.3590000       1.0000000
F   1
  1       7.8760000       1.0000000
F   1
  1       2.8050000       1.0000000
G   1
  1       0.3070000       1.0000000
G   1
  1       5.3940000       1.0000000

ALUMINUM
S  13
  1  419600.0000000    0.278219D-04
  2   62830.0000000    0.216330D-03
  3   14290.0000000    0.113754D-02
  4    4038.0000000    0.479635D-02
  5    1312.0000000    0.172389D-01
  6     470.5000000    0.538066D-01
  7     181.8000000    0.141326D+00
  8      74.4600000    0.289268D+00
  9      31.9000000    0.384825D+00
 10      13.9600000    0.232852D+00
 11       5.1800000    0.293330D-01
 12       2.2650000   -0.300574D-02
 13       0.9664000    0.166673D-02
S  13
  1  419600.0000000   -0.723754D-05
  2   62830.0000000   -0.561733D-04
  3   14290.0000000   -0.296528D-03
  4    4038.0000000   -0.124913D-02
  5    1312.0000000   -0.455101D-02
  6     470.5000000   -0.144393D-01
  7     181.8000000   -0.403464D-01
  8      74.4600000   -0.922618D-01
  9      31.9000000   -0.164510D+00
 10      13.9600000   -0.141296D+00
 11       5.1800000    0.195365D+00
 12       2.2650000    0.572475D+00
 13       0.9664000    0.374041D+00
S  13
  1  419600.0000000    0.167150D-05
  2   62830.0000000    0.129641D-04
  3   14290.0000000    0.685101D-04
  4    4038.0000000    0.288274D-03
  5    1312.0000000    0.105276D-02
  6     470.5000000    0.333878D-02
  7     181.8000000    0.939217D-02
  8      74.4600000    0.216047D-01
  9      31.9000000    0.395873D-01
 10      13.9600000    0.349180D-01
 11       5.1800000   -0.528415D-01
 12       2.2650000   -0.191878D+00
 13       0.9664000   -0.254115D+00
S   1
  1       0.2447000       1.0000000
S   1
  1       0.1184000       1.0000000
S   1
  1       0.0502100       1.0000000
S   1
  1       9.7290000       1.0000000
S   1
  1       4.8700000       1.0000000
S   1
  1       2.4370000       1.0000000
P   8
  1     891.3000000    0.491755D-03
  2     211.3000000    0.415843D-02
  3      68.2800000    0.212538D-01
  4      25.7000000    0.764058D-01
  5      10.6300000    0.194277D+00
  6       4.6020000    0.334428D+00
  7       2.0150000    0.375026D+00
  8       0.8706000    0.204041D+00
P   8
  1     891.3000000   -0.888695D-04
  2     211.3000000   -0.745823D-03
  3      68.2800000   -0.387025D-02
  4      25.7000000   -0.139350D-01
  5      10.6300000   -0.366860D-01
  6       4.6020000   -0.627797D-01
  7       2.0150000   -0.789602D-01
  8       0.8706000   -0.288589D-01
P   1
  1       0.2972000       1.0000000
P   1
  1       0.1100000       1.0000000
P   1
  1       0.0398900       1.0000000
P   1
  1      10.0000000       1.0000000
P   1
  1       4.5140000       1.0000000
P   1
  1       2.0380000       1.0000000
D   1
  1       0.0804000       1.0000000
D   1
  1       0.1990000       1.0000000
D   1
  1       0.4940000       1.0000000
D   1
  1      14.8350000       1.0000000
D   1
  1       5.6370000       1.0000000
D   1
  1       2.1420000       1.0000000
F   1
  1       0.1540000       1.0000000
F   1
  1       0.4010000       1.0000000
F   1
  1       9.8530000       1.0000000
F   1
  1       3.5250000       1.0000000
G   1
  1       0.3570000       1.0000000
G   1
  1       6.8940000       1.0000000

SILICON
S  13
  1  513000.0000000    0.260920D-04
  2   76820.0000000    0.202905D-03
  3   17470.0000000    0.106715D-02
  4    4935.0000000    0.450597D-02
  5    1602.0000000    0.162359D-01
  6     574.1000000    0.508913D-01
  7     221.5000000    0.135155D+00
  8      90.5400000    0.281292D+00
  9      38.7400000    0.385336D+00
 10      16.9500000    0.245651D+00
 11       6.4520000    0.343145D-01
 12       2.8740000   -0.334884D-02
 13       1.2500000    0.187625D-02
S  13
  1  513000.0000000   -0.694880D-05
  2   76820.0000000   -0.539641D-04
  3   17470.0000000   -0.284716D-03
  4    4935.0000000   -0.120203D-02
  5    1602.0000000   -0.438397D-02
  6     574.1000000   -0.139776D-01
  7     221.5000000   -0.393516D-01
  8      90.5400000   -0.914283D-01
  9      38.7400000   -0.165609D+00
 10      16.9500000   -0.152505D+00
 11       6.4520000    0.168524D+00
 12       2.8740000    0.569284D+00
 13       1.2500000    0.398056D+00
S  13
  1  513000.0000000    0.178068D-05
  2   76820.0000000    0.138148D-04
  3   17470.0000000    0.730005D-04
  4    4935.0000000    0.307666D-03
  5    1602.0000000    0.112563D-02
  6     574.1000000    0.358435D-02
  7     221.5000000    0.101728D-01
  8      90.5400000    0.237520D-01
  9      38.7400000    0.443483D-01
 10      16.9500000    0.419041D-01
 11       6.4520000   -0.502504D-01
 12       2.8740000   -0.216578D+00
 13       1.2500000   -0.286448D+00
S   1
  1       0.3599000       1.0000000
S   1
  1       0.1699000       1.0000000
S   1
  1       0.0706600       1.0000000
S   1
  1      12.1640000       1.0000000
S   1
  1       6.1870000       1.0000000
S   1
  1       3.1470000       1.0000000
P   8
  1    1122.0000000    0.448143D-03
  2     266.0000000    0.381639D-02
  3      85.9200000    0.198105D-01
  4      32.3300000    0.727017D-01
  5      13.3700000    0.189839D+00
  6       5.8000000    0.335672D+00
  7       2.5590000    0.379365D+00
  8       1.1240000    0.201193D+00
P   8
  1    1122.0000000   -0.964883D-04
  2     266.0000000   -0.811971D-03
  3      85.9200000   -0.430087D-02
  4      32.3300000   -0.157502D-01
  5      13.3700000   -0.429541D-01
  6       5.8000000   -0.752574D-01
  7       2.5590000   -0.971446D-01
  8       1.1240000   -0.227507D-01
P   1
  1       0.3988000       1.0000000
P   1
  1       0.1533000       1.0000000
P   1
  1       0.0572800       1.0000000
P   1
  1      12.6460000       1.0000000
P   1
  1       5.7470000       1.0000000
P   1
  1       2.6120000       1.0000000
D   1
  1       0.1200000       1.0000000
D   1
  1       0.3020000       1.0000000
D   1
  1       0.7600000       1.0000000
D   1
  1      19.0150000       1.0000000
D   1
  1       7.4010000       1.0000000
D   1
  1       2.8810000       1.0000000
F   1
  1       0.2120000       1.0000000
F   1
  1       0.5410000       1.0000000
F   1
  1      11.9250000       1.0000000
F   1
  1       4.3040000       1.0000000
G   1
  1       0.4610000       1.0000000
G   1
  1       8.5770000       1.0000000

PHOSPHORUS
S  13
  1  615200.0000000    0.247450D-04
  2   92120.0000000    0.192465D-03
  3   20950.0000000    0.101202D-02
  4    5920.0000000    0.427261D-02
  5    1922.0000000    0.154161D-01
  6     688.0000000    0.485976D-01
  7     265.0000000    0.130060D+00
  8     108.2000000    0.274514D+00
  9      46.2200000    0.385402D+00
 10      20.2300000    0.255934D+00
 11       7.8590000    0.391237D-01
 12       3.5470000   -0.368010D-02
 13       1.5640000    0.208211D-02
S  13
  1  615200.0000000   -0.672205D-05
  2   92120.0000000   -0.522311D-04
  3   20950.0000000   -0.275361D-03
  4    5920.0000000   -0.116307D-02
  5    1922.0000000   -0.424281D-02
  6     688.0000000   -0.136114D-01
  7     265.0000000   -0.385114D-01
  8     108.2000000   -0.906643D-01
  9      46.2200000   -0.166584D+00
 10      20.2300000   -0.161447D+00
 11       7.8590000    0.146781D+00
 12       3.5470000    0.566682D+00
 13       1.5640000    0.416433D+00
S  13
  1  615200.0000000    0.184740D-05
  2   92120.0000000    0.143380D-04
  3   20950.0000000    0.757228D-04
  4    5920.0000000    0.319205D-03
  5    1922.0000000    0.116851D-02
  6     688.0000000    0.374267D-02
  7     265.0000000    0.106817D-01
  8     108.2000000    0.252657D-01
  9      46.2200000    0.479283D-01
 10      20.2300000    0.477096D-01
 11       7.8590000   -0.466525D-01
 12       3.5470000   -0.234968D+00
 13       1.5640000   -0.311337D+00
S   1
  1       0.4888000       1.0000000
S   1
  1       0.2266000       1.0000000
S   1
  1       0.0933100       1.0000000
S   1
  1      14.8310000       1.0000000
S   1
  1       7.6400000       1.0000000
S   1
  1       3.9350000       1.0000000
P   8
  1    1367.0000000    0.421015D-03
  2     324.0000000    0.360985D-02
  3     104.6000000    0.189217D-01
  4      39.3700000    0.705560D-01
  5      16.2600000    0.188157D+00
  6       7.0560000    0.338709D+00
  7       3.1300000    0.381943D+00
  8       1.3940000    0.195261D+00
P   8
  1    1367.0000000   -0.100827D-03
  2     324.0000000   -0.854499D-03
  3     104.6000000   -0.457116D-02
  4      39.3700000   -0.170327D-01
  5      16.2600000   -0.475204D-01
  6       7.0560000   -0.852786D-01
  7       3.1300000   -0.109676D+00
  8       1.3940000   -0.161181D-01
P   1
  1       0.5179000       1.0000000
P   1
  1       0.2032000       1.0000000
P   1
  1       0.0769800       1.0000000
P   1
  1      15.5230000       1.0000000
P   1
  1       7.0730000       1.0000000
P   1
  1       3.2230000       1.0000000
D   1
  1       0.1650000       1.0000000
D   1
  1       0.4130000       1.0000000
D   1
  1       1.0360000       1.0000000
D   1
  1      23.4170000       1.0000000
D   1
  1       9.2500000       1.0000000
D   1
  1       3.6540000       1.0000000
F   1
  1       0.2800000       1.0000000
F   1
  1       0.7030000       1.0000000
F   1
  1      14.2070000       1.0000000
F   1
  1       5.1610000       1.0000000
G   1
  1       0.5970000       1.0000000
G   1
  1      10.4480000       1.0000000

SULFUR
S  13
  1  727800.0000000    0.236025D-04
  2  109000.0000000    0.183482D-03
  3   24800.0000000    0.964278D-03
  4    7014.0000000    0.406537D-02
  5    2278.0000000    0.146973D-01
  6     814.7000000    0.465081D-01
  7     313.4000000    0.125508D+00
  8     127.7000000    0.268433D+00
  9      54.4800000    0.384809D+00
 10      23.8500000    0.265372D+00
 11       9.4280000    0.437326D-01
 12       4.2900000   -0.378807D-02
 13       1.9090000    0.218083D-02
S  13
  1  727800.0000000   -0.652179D-05
  2  109000.0000000   -0.506631D-04
  3   24800.0000000   -0.266833D-03
  4    7014.0000000   -0.112601D-02
  5    2278.0000000   -0.411186D-02
  6     814.7000000   -0.132454D-01
  7     313.4000000   -0.377004D-01
  8     127.7000000   -0.898554D-01
  9      54.4800000   -0.167098D+00
 10      23.8500000   -0.169354D+00
 11       9.4280000    0.127824D+00
 12       4.2900000    0.564862D+00
 13       1.9090000    0.431767D+00
S  13
  1  727800.0000000    0.189406D-05
  2  109000.0000000    0.146948D-04
  3   24800.0000000    0.775460D-04
  4    7014.0000000    0.326509D-03
  5    2278.0000000    0.119686D-02
  6     814.7000000    0.384799D-02
  7     313.4000000    0.110539D-01
  8     127.7000000    0.264645D-01
  9      54.4800000    0.508771D-01
 10      23.8500000    0.530030D-01
 11       9.4280000   -0.425518D-01
 12       4.2900000   -0.250853D+00
 13       1.9090000   -0.333152D+00
S   1
  1       0.6270000       1.0000000
S   1
  1       0.2873000       1.0000000
S   1
  1       0.1172000       1.0000000
S   1
  1      17.5990000       1.0000000
S   1
  1       9.1860000       1.0000000
S   1
  1       4.7950000       1.0000000
P   8
  1    1546.0000000    0.441183D-03
  2     366.4000000    0.377571D-02
  3     118.4000000    0.198360D-01
  4      44.5300000    0.742063D-01
  5      18.3800000    0.197327D+00
  6       7.9650000    0.351851D+00
  7       3.5410000    0.378687D+00
  8       1.5910000    0.170931D+00
P   8
  1    1546.0000000   -0.113110D-03
  2     366.4000000   -0.958581D-03
  3     118.4000000   -0.513471D-02
  4      44.5300000   -0.192641D-01
  5      18.3800000   -0.535980D-01
  6       7.9650000   -0.960333D-01
  7       3.5410000   -0.118183D+00
  8       1.5910000    0.923194D-02
P   1
  1       0.6205000       1.0000000
P   1
  1       0.2420000       1.0000000
P   1
  1       0.0901400       1.0000000
P   1
  1      18.1270000       1.0000000
P   1
  1       8.2190000       1.0000000
P   1
  1       3.7260000       1.0000000
D   1
  1       0.2030000       1.0000000
D   1
  1       0.5040000       1.0000000
D   1
  1       1.2500000       1.0000000
D   1
  1      27.4170000       1.0000000
D   1
  1      10.8930000       1.0000000
D   1
  1       4.3190000       1.0000000
F   1
  1       0.3350000       1.0000000
F   1
  1       0.8690000       1.0000000
F   1
  1      16.5350000       1.0000000
F   1
  1       6.0080000       1.0000000
G   1
  1       0.6830000       1.0000000
G   1
  1      12.5180000       1.0000000

CHLORINE
S  13
  1  834900.0000000    0.231688D-04
  2  125000.0000000    0.180154D-03
  3   28430.0000000    0.947782D-03
  4    8033.0000000    0.400139D-02
  5    2608.0000000    0.144629D-01
  6     933.9000000    0.456586D-01
  7     360.0000000    0.123248D+00
  8     147.0000000    0.264369D+00
  9      62.8800000    0.382989D+00
 10      27.6000000    0.270934D+00
 11      11.0800000    0.471404D-01
 12       5.0750000   -0.371766D-02
 13       2.2780000    0.219158D-02
S  13
  1  834900.0000000   -0.649649D-05
  2  125000.0000000   -0.504895D-04
  3   28430.0000000   -0.266113D-03
  4    8033.0000000   -0.112499D-02
  5    2608.0000000   -0.410497D-02
  6     933.9000000   -0.131987D-01
  7     360.0000000   -0.375342D-01
  8     147.0000000   -0.897233D-01
  9      62.8800000   -0.167671D+00
 10      27.6000000   -0.174763D+00
 11      11.0800000    0.114909D+00
 12       5.0750000    0.563618D+00
 13       2.2780000    0.441606D+00
S  13
  1  834900.0000000    0.196645D-05
  2  125000.0000000    0.152620D-04
  3   28430.0000000    0.806086D-04
  4    8033.0000000    0.339960D-03
  5    2608.0000000    0.124551D-02
  6     933.9000000    0.399612D-02
  7     360.0000000    0.114751D-01
  8     147.0000000    0.275504D-01
  9      62.8800000    0.532917D-01
 10      27.6000000    0.571246D-01
 11      11.0800000   -0.395201D-01
 12       5.0750000   -0.264343D+00
 13       2.2780000   -0.349291D+00
S   1
  1       0.7775000       1.0000000
S   1
  1       0.3527000       1.0000000
S   1
  1       0.1431000       1.0000000
S   1
  1      20.6890000       1.0000000
S   1
  1      10.8800000       1.0000000
S   1
  1       5.7220000       1.0000000
P   8
  1    1703.0000000    0.474039D-03
  2     403.6000000    0.406412D-02
  3     130.3000000    0.213355D-01
  4      49.0500000    0.794611D-01
  5      20.2600000    0.208927D+00
  6       8.7870000    0.364945D+00
  7       3.9190000    0.371725D+00
  8       1.7650000    0.146292D+00
P   8
  1    1703.0000000   -0.128266D-03
  2     403.6000000   -0.109356D-02
  3     130.3000000   -0.583429D-02
  4      49.0500000   -0.219258D-01
  5      20.2600000   -0.601385D-01
  6       8.7870000   -0.106929D+00
  7       3.9190000   -0.122454D+00
  8       1.7650000    0.383619D-01
P   1
  1       0.7207000       1.0000000
P   1
  1       0.2839000       1.0000000
P   1
  1       0.1060000       1.0000000
P   1
  1      20.7840000       1.0000000
P   1
  1       9.3790000       1.0000000
P   1
  1       4.2320000       1.0000000
D   1
  1       0.2540000       1.0000000
D   1
  1       0.6280000       1.0000000
D   1
  1       1.5510000       1.0000000
D   1
  1      32.2550000       1.0000000
D   1
  1      12.8880000       1.0000000
D   1
  1       5.1490000       1.0000000
F   1
  1       0.4230000       1.0000000
F   1
  1       1.0890000       1.0000000
F   1
  1      19.1070000       1.0000000
F   1
  1       6.9500000       1.0000000
G   1
  1       0.8270000       1.0000000
G   1
  1      14.7820000       1.0000000

ARGON
S  13
  1  950600.0000000    0.227545D-04
  2  142300.0000000    0.176945D-03
  3   32360.0000000    0.931282D-03
  4    9145.0000000    0.392860D-02
  5    2970.0000000    0.142064D-01
  6    1064.0000000    0.448114D-01
  7     410.8000000    0.121001D+00
  8     168.0000000    0.260579D+00
  9      71.9900000    0.381364D+00
 10      31.6700000    0.276058D+00
 11      12.8900000    0.505179D-01
 12       5.9290000   -0.359866D-02
 13       2.6780000    0.218798D-02
S  13
  1  950600.0000000   -0.646201D-05
  2  142300.0000000   -0.502346D-04
  3   32360.0000000   -0.264804D-03
  4    9145.0000000   -0.111895D-02
  5    2970.0000000   -0.408276D-02
  6    1064.0000000   -0.131216D-01
  7     410.8000000   -0.372855D-01
  8     168.0000000   -0.894709D-01
  9      71.9900000   -0.168054D+00
 10      31.6700000   -0.179594D+00
 11      12.8900000    0.102953D+00
 12       5.9290000    0.562630D+00
 13       2.6780000    0.450355D+00
S  13
  1  950600.0000000    0.202056D-05
  2  142300.0000000    0.156851D-04
  3   32360.0000000    0.828617D-04
  4    9145.0000000    0.349264D-03
  5    2970.0000000    0.127976D-02
  6    1064.0000000    0.410365D-02
  7     410.8000000    0.117789D-01
  8     168.0000000    0.283868D-01
  9      71.9900000    0.552406D-01
 10      31.6700000    0.607492D-01
 11      12.8900000   -0.362012D-01
 12       5.9290000   -0.275398D+00
 13       2.6780000   -0.362845D+00
S   1
  1       0.9416000       1.0000000
S   1
  1       0.4239000       1.0000000
S   1
  1       0.1714000       1.0000000
S   1
  1      24.0240000       1.0000000
S   1
  1      12.7060000       1.0000000
S   1
  1       6.7200000       1.0000000
P   8
  1    1890.0000000    0.495752D-03
  2     447.8000000    0.425172D-02
  3     144.6000000    0.223277D-01
  4      54.4600000    0.830878D-01
  5      22.5100000    0.217110D+00
  6       9.7740000    0.374507D+00
  7       4.3680000    0.366445D+00
  8       1.9590000    0.129245D+00
P   8
  1    1890.0000000   -0.138863D-03
  2     447.8000000   -0.118870D-02
  3     144.6000000   -0.632553D-02
  4      54.4600000   -0.238813D-01
  5      22.5100000   -0.649238D-01
  6       9.7740000   -0.115444D+00
  7       4.3680000   -0.123651D+00
  8       1.9590000    0.649055D-01
P   1
  1       0.8260000       1.0000000
P   1
  1       0.3297000       1.0000000
P   1
  1       0.1242000       1.0000000
P   1
  1      23.6270000       1.0000000
P   1
  1      10.6540000       1.0000000
P   1
  1       4.8040000       1.0000000
D   1
  1       0.3110000       1.0000000
D   1
  1       0.7630000       1.0000000
D   1
  1       1.8730000       1.0000000
D   1
  1      37.3640000       1.0000000
D   1
  1      15.0130000       1.0000000
D   1
  1       6.0320000       1.0000000
F   1
  1       0.5430000       1.0000000
F   1
  1       1.3250000       1.0000000
F   1
  1      21.8840000       1.0000000
F   1
  1       7.9680000       1.0000000
G   1
  1       1.0070000       1.0000000
G   1
  1      17.2430000       1.0000000

CALCIUM
S  19
  1  7503960.0000000      0.00000224
  2  1123486.0000000      0.00001744
  3  255663.5000000      0.00009177
  4   72416.0600000      0.00038768
  5   23626.0400000      0.00141185
  6    8529.9860000      0.00459359
  7    3327.3410000      0.01359733
  8    1380.3540000      0.03667360
  9     602.2149000      0.08872076
 10     273.8874000      0.18414893
 11     128.9451000      0.30074216
 12      62.4229900      0.32434815
 13      30.5743700      0.17195747
 14      13.8552200      0.02480933
 15       6.8362040     -0.00103408
 16       3.3781530      0.00101290
 17       1.4919070     -0.00046678
 18       0.7211400      0.00018662
 19       0.3341520     -0.00008808
S  19
  1  7503960.0000000     -0.00000065
  2  1123486.0000000     -0.00000507
  3  255663.5000000     -0.00002663
  4   72416.0600000     -0.00011266
  5   23626.0400000     -0.00041030
  6    8529.9860000     -0.00134111
  7    3327.3410000     -0.00399404
  8    1380.3540000     -0.01098903
  9     602.2149000     -0.02756447
 10     273.8874000     -0.06216246
 11     128.9451000     -0.11860476
 12      62.4229900     -0.17410494
 13      30.5743700     -0.11847714
 14      13.8552200      0.19457468
 15       6.8362040      0.54661131
 16       3.3781530      0.38126324
 17       1.4919070      0.05187853
 18       0.7211400     -0.00204996
 19       0.3341520      0.00168809
S  19
  1  7503960.0000000      0.00000022
  2  1123486.0000000      0.00000175
  3  255663.5000000      0.00000918
  4   72416.0600000      0.00003888
  5   23626.0400000      0.00014138
  6    8529.9860000      0.00046324
  7    3327.3410000      0.00137731
  8    1380.3540000      0.00380786
  9     602.2149000      0.00955641
 10     273.8874000      0.02183132
 11     128.9451000      0.04214951
 12      62.4229900      0.06462845
 13      30.5743700      0.04535983
 14      13.8552200     -0.08249853
 15       6.8362040     -0.32315107
 16       3.3781530     -0.36063496
 17       1.4919070      0.20438954
 18       0.7211400      0.69610089
 19       0.3341520      0.36177498
S  19
  1  7503960.0000000     -0.00000005
  2  1123486.0000000     -0.00000042
  3  255663.5000000     -0.00000219
  4   72416.0600000     -0.00000929
  5   23626.0400000     -0.00003374
  6    8529.9860000     -0.00011070
  7    3327.3410000     -0.00032862
  8    1380.3540000     -0.00091050
  9     602.2149000     -0.00228090
 10     273.8874000     -0.00523095
 11     128.9451000     -0.01008361
 12      62.4229900     -0.01561294
 13      30.5743700     -0.01088338
 14      13.8552200      0.01995768
 15       6.8362040      0.08348860
 16       3.3781530      0.09594951
 17       1.4919070     -0.06395772
 18       0.7211400     -0.24522487
 19       0.3341520     -0.28584670
S   1
  1       0.0823820       1.0000000
S   1
  1       0.0416550       1.0000000
S   1
  1       0.0199730       1.0000000
S   1
  1       3.2818000       1.0000000
S   1
  1       1.5643000       1.0000000
S   1
  1       0.7456000       1.0000000
P  13
  1    9363.0100000      0.00004617
  2    2216.2550000      0.00041049
  3     719.7596000      0.00235567
  4     275.1728000      0.01025491
  5     116.3924000      0.03566035
  6      52.7777000      0.09964056
  7      25.1318800      0.21320626
  8      12.3141600      0.33153524
  9       6.1667970      0.32934263
 10       3.1142790      0.15466414
 11       1.5190130      0.02215526
 12       0.7254350      0.00055191
 13       0.3409260      0.00015177
P  13
  1    9363.0100000     -0.00001505
  2    2216.2550000     -0.00013361
  3     719.7596000     -0.00077014
  4     275.1728000     -0.00336453
  5     116.3924000     -0.01186624
  6      52.7777000     -0.03389423
  7      25.1318800     -0.07514329
  8      12.3141600     -0.12144348
  9       6.1667970     -0.12922084
 10       3.1142790      0.01587703
 11       1.5190130      0.30853676
 12       0.7254350      0.47281521
 13       0.3409260      0.29410281
P  13
  1    9363.0100000      0.00000313
  2    2216.2550000      0.00002795
  3     719.7596000      0.00016003
  4     275.1728000      0.00070417
  5     116.3924000      0.00246922
  6      52.7777000      0.00711899
  7      25.1318800      0.01569017
  8      12.3141600      0.02578564
  9       6.1667970      0.02693656
 10       3.1142790     -0.00485586
 11       1.5190130     -0.07654212
 12       0.7254350     -0.11554459
 13       0.3409260     -0.12127062
P   1
  1       0.1440000       1.0000000
P   1
  1       0.0580000       1.0000000
P   1
  1       0.0231600       1.0000000
P   1
  1       3.3392000       1.0000000
P   1
  1       1.6309000       1.0000000
P   1
  1       0.7966000       1.0000000
D   4
  1      26.2708300      0.00734600
  2       7.3078200      0.04090100
  3       2.4549800      0.13006500
  4       0.8871400      0.24415100
D   1
  1       0.3092500       1.0000000
D   1
  1       0.1031600       1.0000000
D   1
  1       0.0337400       1.0000000
D   1
  1       3.3287000       1.0000000
D   1
  1       1.6458000       1.0000000
D   1
  1       0.8137000       1.0000000
F   1
  1       0.4883000       1.0000000
F   1
  1       0.1165000       1.0000000
F   1
  1       2.2297000       1.0000000
F   1
  1       1.2035000       1.0000000
G   1
  1       0.1466000       1.0000000
G   1
  1       1.5908000       1.0000000


