Group	C10 
n	6

     	Irred     	Operation
   1 	 A          	 E         
   2 	 B          	 C10       
   3 	 E1         	 C5        
   4 	 E2         	 C10^3     
   5 	 E3         	 C5^2      
   6 	 E4         	 C2        

Table
         1         2         3         4         5         6      
   1   1.00000   1.00000   1.00000   1.00000   1.00000   1.00000  
   2   1.00000  -1.00000   1.00000  -1.00000   1.00000  -1.00000  
   3   2.00000   1.61800   0.61800  -0.61800  -1.61800  -2.00000  
   4   2.00000   0.61800  -1.61800  -1.61800   0.61800   2.00000  
   5   2.00000  -0.61800  -1.61800   1.61800   0.61800  -2.00000  
   6   2.00000  -1.61800   0.61800   0.61800  -1.61800   2.00000  

