Group	C10h 
n	12

     	Irred     	Operation
   1 	 Ag         	 E         
   2 	 Bg         	 C10       
   3 	 E1g        	 C5        
   4 	 E2g        	 C10^3     
   5 	 E3g        	 C5^2      
   6 	 E4g        	 C2        
   7 	 Au         	 i         
   8 	 Bu         	 S10       
   9 	 E1u        	 S5        
  10 	 E2u        	 S10^3     
  11 	 E3u        	 S5^2      
  12 	 E4u        	 sh        

Table
         1         2         3         4         5         6         7         8         9         10        11        12     
   1   1.00000   1.00000   1.00000   1.00000   1.00000   1.00000   1.00000   1.00000   1.00000   1.00000   1.00000   1.00000  
   2   1.00000  -1.00000   1.00000  -1.00000   1.00000  -1.00000   1.00000   1.00000  -1.00000   1.00000  -1.00000  -1.00000  
   3   2.00000   1.61800   0.61800  -0.61800  -1.61800  -2.00000   2.00000  -1.61800  -0.61800   0.61800   1.61800  -2.00000  
   4   2.00000   0.61800  -1.61800  -1.61800   0.61800   2.00000   2.00000   0.61800  -1.61800  -1.61800   0.61800   2.00000  
   5   2.00000  -0.61800  -1.61800   1.61800   0.61800  -2.00000   2.00000   0.61800   1.61800  -1.61800  -0.61800  -2.00000  
   6   2.00000  -1.61800   0.61800   0.61800  -1.61800   2.00000   2.00000  -1.61800   0.61800   0.61800  -1.61800   2.00000  
   7   1.00000   1.00000   1.00000   1.00000   1.00000   1.00000  -1.00000  -1.00000  -1.00000  -1.00000  -1.00000  -1.00000  
   8   1.00000  -1.00000   1.00000  -1.00000   1.00000  -1.00000  -1.00000  -1.00000   1.00000  -1.00000   1.00000   1.00000  
   9   2.00000   1.61800   0.61800  -0.61800  -1.61800  -2.00000  -2.00000   1.61800   0.61800  -0.61800  -1.61800   2.00000  
  10   2.00000   0.61800  -1.61800  -1.61800   0.61800   2.00000  -2.00000  -0.61800   1.61800   1.61800  -0.61800  -2.00000  
  11   2.00000  -0.61800  -1.61800   1.61800   0.61800  -2.00000  -2.00000  -0.61800  -1.61800   1.61800   0.61800   2.00000  
  12   2.00000  -1.61800   0.61800   0.61800  -1.61800   2.00000  -2.00000   1.61800  -0.61800  -0.61800   1.61800  -2.00000  

