Group	C11h 
n	12

     	Irred     	Operation
   1 	 A'         	 E         
   2 	 A"         	 C11       
   3 	 E1'        	 C11^2     
   4 	 E1"        	 C11^3     
   5 	 E2'        	 C11^4     
   6 	 E2"        	 C11^5     
   7 	 E3'        	 sh        
   8 	 E3"        	 S11       
   9 	 E4'        	 S11^3     
  10 	 E4"        	 S11^5     
  11 	 E5'        	 S11^7     
  12 	 E5"        	 S11^9     

Table
         1         2         3         4         5         6         7         8         9         10        11        12     
   1   1.00000   1.00000   1.00000   1.00000   1.00000   1.00000   1.00000   1.00000   1.00000   1.00000   1.00000   1.00000  
   2   1.00000   1.00000   1.00000   1.00000   1.00000   1.00000  -1.00000  -1.00000  -1.00000  -1.00000  -1.00000  -1.00000  
   3   2.00000   1.68250   0.83080  -0.28460  -1.30970  -1.91890   2.00000   1.68250  -0.28460  -1.91890  -1.30970   0.83080  
   4   2.00000   1.68250   0.83080  -0.28460  -1.30970  -1.91890  -2.00000  -1.68250   0.28460   1.91890   1.30970  -0.83080  
   5   2.00000   0.83080  -1.30970  -1.91890  -0.28460   1.68250   2.00000   0.83080  -1.91890   1.68250  -0.28460  -1.30970  
   6   2.00000   0.83080  -1.30970  -1.91890  -0.28460   1.68250  -2.00000  -0.83080   1.91890  -1.68250   0.28460   1.30970  
   7   2.00000  -0.28460  -1.91890   0.83080   1.68250  -1.30970   2.00000  -0.28460   0.83080  -1.30970   1.68250  -1.91890  
   8   2.00000  -0.28460  -1.91890   0.83080   1.68250  -1.30970  -2.00000   0.28460  -0.83080   1.30970  -1.68250   1.91890  
   9   2.00000  -1.30970  -0.28460   1.68250  -1.91890   0.83080   2.00000  -1.30970   1.68250   0.83080  -1.91890  -0.28460  
  10   2.00000  -1.30970  -0.28460   1.68250  -1.91890   0.83080  -2.00000   1.30970  -1.68250  -0.83080   1.91890   0.28460  
  11   2.00000  -1.91890   1.68250  -1.30970   0.83080  -0.28460   2.00000  -1.91890  -1.30970  -0.28460   0.83080   1.68250  
  12   2.00000  -1.91890   1.68250  -1.30970   0.83080  -0.28460  -2.00000   1.91890   1.30970   0.28460  -0.83080  -1.68250  

