Group	C12 
n	7

     	Irred     	Operation
   1 	 A          	 E         
   2 	 B          	 C12       
   3 	 E1         	 C6        
   4 	 E2         	 C4        
   5 	 E3         	 C3        
   6 	 E4         	 C12^5     
   7 	 E5         	 C2        

Table
         1         2         3         4         5         6         7      
   1   1.00000   1.00000   1.00000   1.00000   1.00000   1.00000   1.00000  
   2   1.00000  -1.00000   1.00000  -1.00000   1.00000  -1.00000   1.00000  
   3   2.00000   1.73200   1.00000   0.00000  -1.00000  -1.73200  -2.00000  
   4   2.00000   1.00000  -1.00000  -2.00000  -1.00000   1.00000   2.00000  
   5   2.00000   0.00000  -2.00000   0.00000   2.00000   0.00000  -2.00000  
   6   2.00000  -1.00000  -1.00000   2.00000  -1.00000  -1.00000   2.00000  
   7   2.00000  -1.73200   1.00000   0.00000  -1.00000   1.73200  -2.00000  

