Group	C12h 
n	14

     	Irred     	Operation
   1 	 Ag         	 E         
   2 	 Bg         	 C12       
   3 	 E1g        	 C6        
   4 	 E2g        	 C4        
   5 	 E3g        	 C3        
   6 	 E4g        	 C12^5     
   7 	 E5g        	 C2        
   8 	 Au         	 i         
   9 	 Bu         	 S12       
  10 	 E1u        	 S6        
  11 	 E2u        	 S4        
  12 	 E3u        	 S3        
  13 	 E4u        	 S12^5     
  14 	 E5u        	 sh        

Table
         1         2         3         4         5         6         7         8         9         10        11        12        13        14     
   1   1.00000   1.00000   1.00000   1.00000   1.00000   1.00000   1.00000   1.00000   1.00000   1.00000   1.00000   1.00000   1.00000   1.00000  
   2   1.00000  -1.00000   1.00000  -1.00000   1.00000  -1.00000   1.00000   1.00000  -1.00000   1.00000  -1.00000   1.00000  -1.00000   1.00000  
   3   2.00000   1.73200   1.00000   0.00000  -1.00000  -1.73200  -2.00000   2.00000  -1.73200  -1.00000   0.00000   1.00000   1.73200  -2.00000  
   4   2.00000   1.00000  -1.00000  -2.00000  -1.00000   1.00000   2.00000   2.00000   1.00000  -1.00000  -2.00000  -1.00000   1.00000   2.00000  
   5   2.00000   0.00000  -2.00000   0.00000   2.00000   0.00000  -2.00000   2.00000   0.00000   2.00000   0.00000  -2.00000   0.00000  -2.00000  
   6   2.00000  -1.00000  -1.00000   2.00000  -1.00000  -1.00000   2.00000   2.00000  -1.00000  -1.00000   2.00000  -1.00000  -1.00000   2.00000  
   7   2.00000  -1.73200   1.00000   0.00000  -1.00000   1.73200  -2.00000   2.00000   1.73200  -1.00000   0.00000   1.00000  -1.73200  -2.00000  
   8   1.00000   1.00000   1.00000   1.00000   1.00000   1.00000   1.00000  -1.00000  -1.00000  -1.00000  -1.00000  -1.00000  -1.00000  -1.00000  
   9   1.00000  -1.00000   1.00000  -1.00000   1.00000  -1.00000   1.00000  -1.00000   1.00000  -1.00000   1.00000  -1.00000   1.00000  -1.00000  
  10   2.00000   1.73200   1.00000   0.00000  -1.00000  -1.73200  -2.00000  -2.00000   1.73200   1.00000   0.00000  -1.00000  -1.73200   2.00000  
  11   2.00000   1.00000  -1.00000  -2.00000  -1.00000   1.00000   2.00000  -2.00000  -1.00000   1.00000   2.00000   1.00000  -1.00000  -2.00000  
  12   2.00000   0.00000  -2.00000   0.00000   2.00000   0.00000  -2.00000  -2.00000   0.00000  -2.00000   0.00000   2.00000   0.00000   2.00000  
  13   2.00000  -1.00000  -1.00000   2.00000  -1.00000  -1.00000   2.00000  -2.00000   1.00000   1.00000  -2.00000   1.00000   1.00000  -2.00000  
  14   2.00000  -1.73200   1.00000   0.00000  -1.00000   1.73200  -2.00000  -2.00000  -1.73200   1.00000   0.00000  -1.00000   1.73200   2.00000  

