Group	C12v 
n	9

     	Irred     	Operation
   1 	 A1         	 E         
   2 	 A2         	 C12       
   3 	 B1         	 C6        
   4 	 B2         	 C4        
   5 	 E1         	 C3        
   6 	 E2         	 C12^5     
   7 	 E3         	 C2        
   8 	 E4         	 sv        
   9 	 E5         	 sd        

Table
         1         2         3         4         5         6         7         8         9      
   1   1.00000   1.00000   1.00000   1.00000   1.00000   1.00000   1.00000   1.00000   1.00000  
   2   1.00000   1.00000   1.00000   1.00000   1.00000   1.00000   1.00000  -1.00000  -1.00000  
   3   1.00000  -1.00000   1.00000  -1.00000   1.00000  -1.00000   1.00000   1.00000  -1.00000  
   4   1.00000  -1.00000   1.00000  -1.00000   1.00000  -1.00000   1.00000  -1.00000   1.00000  
   5   2.00000   1.73200   1.00000   0.00000  -1.00000  -1.73200  -2.00000   0.00000   0.00000  
   6   2.00000   1.00000  -1.00000  -2.00000  -1.00000   1.00000   2.00000   0.00000   0.00000  
   7   2.00000   0.00000  -2.00000   0.00000   2.00000   0.00000  -2.00000   0.00000   0.00000  
   8   2.00000  -1.00000  -1.00000   2.00000  -1.00000  -1.00000   2.00000   0.00000   0.00000  
   9   2.00000  -1.73200   1.00000   0.00000  -1.00000   1.73200  -2.00000   0.00000   0.00000  

