Group	C13h 
n	14

     	Irred     	Operation
   1 	 A'         	 E         
   2 	 A"         	 C13       
   3 	 E1'        	 C13^2     
   4 	 E1"        	 C13^3     
   5 	 E2'        	 C13^4     
   6 	 E2"        	 C13^5     
   7 	 E3'        	 C13^6     
   8 	 E3"        	 sh        
   9 	 E4'        	 S13       
  10 	 E4"        	 S13^3     
  11 	 E5'        	 S13^5     
  12 	 E5"        	 S13^7     
  13 	 E6'        	 S13^9     
  14 	 E6"        	 S13^11    

Table
         1         2         3         4         5         6         7         8         9         10        11        12        13        14     
   1   1.00000   1.00000   1.00000   1.00000   1.00000   1.00000   1.00000   1.00000   1.00000   1.00000   1.00000   1.00000   1.00000   1.00000  
   2   1.00000   1.00000   1.00000   1.00000   1.00000   1.00000   1.00000  -1.00000  -1.00000  -1.00000  -1.00000  -1.00000  -1.00000  -1.00000  
   3   2.00000   1.77091   1.13613   0.24107  -0.70921  -1.49702  -1.94188   2.00000   1.77091   0.24107  -1.49702  -1.94188  -0.70921   1.13613  
   4   2.00000   1.77091   1.13613   0.24107  -0.70921  -1.49702  -1.94188  -2.00000  -1.77091  -0.24107   1.49702   1.94188   0.70921  -1.13613  
   5   2.00000   1.13613  -0.70921  -1.94188  -1.49702   0.24107   1.77091   2.00000   1.13613  -1.94188   0.24107   1.77091  -1.49702  -0.70921  
   6   2.00000   1.13613  -0.70921  -1.94188  -1.49702   0.24107   1.77091  -2.00000  -1.13613   1.94188  -0.24107  -1.77091   1.49702   0.70921  
   7   2.00000   0.24107  -1.94188  -0.70921   1.77091   1.13613  -1.49702   2.00000   0.24107  -0.70921   1.13613  -1.49702   1.77091  -1.94188  
   8   2.00000   0.24107  -1.94188  -0.70921   1.77091   1.13613  -1.49702  -2.00000  -0.24107   0.70921  -1.13613   1.49702  -1.77091   1.94188  
   9   2.00000  -0.70921  -1.49702   1.77091   0.24107  -1.94188   1.13613   2.00000  -0.70921   1.77091  -1.94188   1.13613   0.24107  -1.49702  
  10   2.00000  -0.70921  -1.49702   1.77091   0.24107  -1.94188   1.13613  -2.00000   0.70921  -1.77091   1.94188  -1.13613  -0.24107   1.49702  
  11   2.00000  -1.49702   0.24107   1.13613  -1.94188   1.77091  -0.70921   2.00000  -1.49702   1.13613   1.77091  -0.70921  -1.94188   0.24107  
  12   2.00000  -1.49702   0.24107   1.13613  -1.94188   1.77091  -0.70921  -2.00000   1.49702  -1.13613  -1.77091   0.70921   1.94188  -0.24107  
  13   2.00000  -1.94188   1.77091  -1.49702   1.13613  -0.70921   0.24107   2.00000  -1.94188  -1.49702  -0.70921   0.24107   1.13613   1.77091  
  14   2.00000  -1.94188   1.77091  -1.49702   1.13613  -0.70921   0.24107  -2.00000   1.94188   1.49702   0.70921  -0.24107  -1.13613  -1.77091  

