Group	C14 
n	8

     	Irred     	Operation
   1 	 A          	 E         
   2 	 B          	 C14       
   3 	 E1         	 C7        
   4 	 E2         	 C14^3     
   5 	 E3         	 C7^2      
   6 	 E4         	 C14^5     
   7 	 E5         	 C7^3      
   8 	 E6         	 C2        

Table
         1         2         3         4         5         6         7         8      
   1   1.00000   1.00000   1.00000   1.00000   1.00000   1.00000   1.00000   1.00000  
   2   1.00000  -1.00000   1.00000  -1.00000   1.00000  -1.00000   1.00000  -1.00000  
   3   2.00000   1.80190   1.24690   0.44500  -0.44500  -1.24690  -1.80190  -2.00000  
   4   2.00000   1.24690  -0.44500  -1.80190  -1.80190  -0.44500   1.24690   2.00000  
   5   2.00000   0.44500  -1.80190  -1.24690   1.24690   1.80190  -0.44500  -2.00000  
   6   2.00000  -0.44500  -1.80190   1.24690   1.24690  -1.80190  -0.44500   2.00000  
   7   2.00000  -1.24690  -0.44500   1.80190  -1.80190   0.44500   1.24690  -2.00000  
   8   2.00000  -1.80190   1.24690  -0.44500  -0.44500   1.24690  -1.80190   2.00000  

