Group	C14h 
n	16

     	Irred     	Operation
   1 	 Ag         	 E         
   2 	 Bg         	 C14       
   3 	 E1g        	 C7        
   4 	 E2g        	 C14^3     
   5 	 E3g        	 C7^2      
   6 	 E4g        	 C14^5     
   7 	 E5g        	 C7^3      
   8 	 E6g        	 C2        
   9 	 Au         	 i         
  10 	 Bu         	 S14       
  11 	 E1u        	 S7        
  12 	 E2u        	 S14^3     
  13 	 E3u        	 S7^2      
  14 	 E4u        	 S14^5     
  15 	 E5u        	 S7^3      
  16 	 E6u        	 sh        

Table
         1         2         3         4         5         6         7         8         9         10        11        12        13        14        15        16     
   1   1.00000   1.00000   1.00000   1.00000   1.00000   1.00000   1.00000   1.00000   1.00000   1.00000   1.00000   1.00000   1.00000   1.00000   1.00000   1.00000  
   2   1.00000  -1.00000   1.00000  -1.00000   1.00000  -1.00000   1.00000  -1.00000   1.00000   1.00000  -1.00000   1.00000  -1.00000   1.00000  -1.00000  -1.00000  
   3   2.00000   1.80190   1.24690   0.44500  -0.44500  -1.24690  -1.80190  -2.00000   2.00000  -1.80190  -1.24690  -0.44500   0.44500   1.24690   1.80190  -2.00000  
   4   2.00000   1.24690  -0.44500  -1.80190  -1.80190  -0.44500   1.24690   2.00000   2.00000   1.24690  -0.44500  -1.80190  -1.80190  -0.44500   1.24690   2.00000  
   5   2.00000   0.44500  -1.80190  -1.24690   1.24690   1.80190  -0.44500  -2.00000   2.00000  -0.44500   1.80190   1.24690  -1.24690  -1.80190   0.44500  -2.00000  
   6   2.00000  -0.44500  -1.80190   1.24690   1.24690  -1.80190  -0.44500   2.00000   2.00000  -0.44500  -1.80190   1.24690   1.24690  -1.80190  -0.44500   2.00000  
   7   2.00000  -1.24690  -0.44500   1.80190  -1.80190   0.44500   1.24690  -2.00000   2.00000   1.24690   0.44500  -1.80190   1.80190  -0.44500  -1.24690  -2.00000  
   8   2.00000  -1.80190   1.24690  -0.44500  -0.44500   1.24690  -1.80190   2.00000   2.00000  -1.80190   1.24690  -0.44500  -0.44500   1.24690  -1.80190   2.00000  
   9   1.00000   1.00000   1.00000   1.00000   1.00000   1.00000   1.00000   1.00000  -1.00000  -1.00000  -1.00000  -1.00000  -1.00000  -1.00000  -1.00000  -1.00000  
  10   1.00000  -1.00000   1.00000  -1.00000   1.00000  -1.00000   1.00000  -1.00000  -1.00000  -1.00000   1.00000  -1.00000   1.00000  -1.00000   1.00000   1.00000  
  11   2.00000   1.80190   1.24690   0.44500  -0.44500  -1.24690  -1.80190  -2.00000  -2.00000   1.80190   1.24690   0.44500  -0.44500  -1.24690  -1.80190   2.00000  
  12   2.00000   1.24690  -0.44500  -1.80190  -1.80190  -0.44500   1.24690   2.00000  -2.00000  -1.24690   0.44500   1.80190   1.80190   0.44500  -1.24690  -2.00000  
  13   2.00000   0.44500  -1.80190  -1.24690   1.24690   1.80190  -0.44500  -2.00000  -2.00000   0.44500  -1.80190  -1.24690   1.24690   1.80190  -0.44500   2.00000  
  14   2.00000  -0.44500  -1.80190   1.24690   1.24690  -1.80190  -0.44500   2.00000  -2.00000   0.44500   1.80190  -1.24690  -1.24690   1.80190   0.44500  -2.00000  
  15   2.00000  -1.24690  -0.44500   1.80190  -1.80190   0.44500   1.24690  -2.00000  -2.00000  -1.24690  -0.44500   1.80190  -1.80190   0.44500   1.24690   2.00000  
  16   2.00000  -1.80190   1.24690  -0.44500  -0.44500   1.24690  -1.80190   2.00000  -2.00000   1.80190  -1.24690   0.44500   0.44500  -1.24690   1.80190  -2.00000  

