Group	C15h 
n	16

     	Irred     	Operation
   1 	 A'         	 E         
   2 	 A"         	 C15       
   3 	 E1'        	 C15^2     
   4 	 E1"        	 C5        
   5 	 E2'        	 C15^4     
   6 	 E2"        	 C3        
   7 	 E3'        	 C5^2      
   8 	 E3"        	 C15^7     
   9 	 E4'        	 sh        
  10 	 E4"        	 S15       
  11 	 E5'        	 S5        
  12 	 E5"        	 S3        
  13 	 E6'        	 S15^7     
  14 	 E6"        	 S5^3      
  15 	 E7'        	 S15^11    
  16 	 E7"        	 S15^13    

Table
         1         2         3         4         5         6         7         8         9         10        11        12        13        14        15        16     
   1   1.00000   1.00000   1.00000   1.00000   1.00000   1.00000   1.00000   1.00000   1.00000   1.00000   1.00000   1.00000   1.00000   1.00000   1.00000   1.00000  
   2   1.00000   1.00000   1.00000   1.00000   1.00000   1.00000   1.00000   1.00000  -1.00000  -1.00000  -1.00000  -1.00000  -1.00000  -1.00000  -1.00000  -1.00000  
   3   2.00000   1.82709   1.33826   0.61803  -0.20906  -1.00000  -1.61803  -1.95630   2.00000   1.82709   0.61803  -1.00000  -1.95630  -1.61803  -0.20906   1.33826  
   4   2.00000   1.82709   1.33826   0.61803  -0.20906  -1.00000  -1.61803  -1.95630  -2.00000  -1.82709  -0.61803   1.00000   1.95630   1.61803   0.20906  -1.33826  
   5   2.00000   1.33826  -0.20906  -1.61803  -1.95630  -1.00000   0.61803   1.82709   2.00000   1.33826  -1.61803  -1.00000   1.82709   0.61803  -1.95630  -0.20906  
   6   2.00000   1.33826  -0.20906  -1.61803  -1.95630  -1.00000   0.61803   1.82709  -2.00000  -1.33826   1.61803   1.00000  -1.82709  -0.61803   1.95630   0.20906  
   7   2.00000   0.61803  -1.61803  -1.61803   0.61803   2.00000   0.61803  -1.61803   2.00000   0.61803  -1.61803   2.00000  -1.61803   0.61803   0.61803  -1.61803  
   8   2.00000   0.61803  -1.61803  -1.61803   0.61803   2.00000   0.61803  -1.61803  -2.00000  -0.61803   1.61803  -2.00000   1.61803  -0.61803  -0.61803   1.61803  
   9   2.00000  -0.20906  -1.95630   0.61803   1.82709  -1.00000  -1.61803   1.33826   2.00000  -0.20906   0.61803  -1.00000   1.33826  -1.61803   1.82709  -1.95630  
  10   2.00000  -0.20906  -1.95630   0.61803   1.82709  -1.00000  -1.61803   1.33826  -2.00000   0.20906  -0.61803   1.00000  -1.33826   1.61803  -1.82709   1.95630  
  11   2.00000  -1.00000  -1.00000   2.00000  -1.00000  -1.00000   2.00000  -1.00000   2.00000  -1.00000   2.00000  -1.00000  -1.00000   2.00000  -1.00000  -1.00000  
  12   2.00000  -1.00000  -1.00000   2.00000  -1.00000  -1.00000   2.00000  -1.00000  -2.00000   1.00000  -2.00000   1.00000   1.00000  -2.00000   1.00000   1.00000  
  13   2.00000  -1.61803   0.61803   0.61803  -1.61803   2.00000  -1.61803   0.61803   2.00000  -1.61803   0.61803   2.00000   0.61803  -1.61803  -1.61803   0.61803  
  14   2.00000  -1.61803   0.61803   0.61803  -1.61803   2.00000  -1.61803   0.61803  -2.00000   1.61803  -0.61803  -2.00000  -0.61803   1.61803   1.61803  -0.61803  
  15   2.00000  -1.95630   1.82709  -1.61803   1.33826  -1.00000   0.61803  -0.20906   2.00000  -1.95630  -1.61803  -1.00000  -0.20906   0.61803   1.33826   1.82709  
  16   2.00000  -1.95630   1.82709  -1.61803   1.33826  -1.00000   0.61803  -0.20906  -2.00000   1.95630   1.61803   1.00000   0.20906  -0.61803  -1.33826  -1.82709  

