Group	C17h 
n	18

     	Irred     	Operation
   1 	 A'         	 E         
   2 	 A"         	 C17       
   3 	 E1'        	 C17^2     
   4 	 E1"        	 C17^3     
   5 	 E2'        	 C17^4     
   6 	 E2"        	 C17^5     
   7 	 E3'        	 C17^6     
   8 	 E3"        	 C17^7     
   9 	 E4'        	 C17^8     
  10 	 E4"        	 sh        
  11 	 E5'        	 S17       
  12 	 E5"        	 S17^3     
  13 	 E6'        	 S17^5     
  14 	 E6"        	 S17^7     
  15 	 E7'        	 S17^9     
  16 	 E7"        	 S17^11    
  17 	 E8'        	 S17^13    
  18 	 E8"        	 S17^15    

Table
         1         2         3         4         5         6         7         8         9         10        11        12        13        14        15        16        17        18     
   1   1.00000   1.00000   1.00000   1.00000   1.00000   1.00000   1.00000   1.00000   1.00000   1.00000   1.00000   1.00000   1.00000   1.00000   1.00000   1.00000   1.00000   1.00000  
   2   1.00000   1.00000   1.00000   1.00000   1.00000   1.00000   1.00000   1.00000   1.00000  -1.00000  -1.00000  -1.00000  -1.00000  -1.00000  -1.00000  -1.00000  -1.00000  -1.00000  
   3   2.00000   1.86494   1.47802   0.89148   0.18454  -0.54733  -1.20527  -1.70043  -1.96595   2.00000   1.86494   0.89148  -0.54733  -1.70043  -1.96595  -1.20527   0.18454   1.47802  
   4   2.00000   1.86494   1.47802   0.89148   0.18454  -0.54733  -1.20527  -1.70043  -1.96595  -2.00000  -1.86494  -0.89148   0.54733   1.70043   1.96595   1.20527  -0.18454  -1.47802  
   5   2.00000   1.47802   0.18454  -1.20527  -1.96595  -1.70043  -0.54733   0.89148   1.86494   2.00000   1.47802  -1.20527  -1.70043   0.89148   1.86494  -0.54733  -1.96595   0.18454  
   6   2.00000   1.47802   0.18454  -1.20527  -1.96595  -1.70043  -0.54733   0.89148   1.86494  -2.00000  -1.47802   1.20527   1.70043  -0.89148  -1.86494   0.54733   1.96595  -0.18454  
   7   2.00000   0.89148  -1.20527  -1.96595  -0.54733   1.47802   1.86494   0.18454  -1.70043   2.00000   0.89148  -1.96595   1.47802   0.18454  -1.70043   1.86494  -0.54733  -1.20527  
   8   2.00000   0.89148  -1.20527  -1.96595  -0.54733   1.47802   1.86494   0.18454  -1.70043  -2.00000  -0.89148   1.96595  -1.47802  -0.18454   1.70043  -1.86494   0.54733   1.20527  
   9   2.00000   0.18454  -1.96595  -0.54733   1.86494   0.89148  -1.70043  -1.20527   1.47802   2.00000   0.18454  -0.54733   0.89148  -1.20527   1.47802  -1.70043   1.86494  -1.96595  
  10   2.00000   0.18454  -1.96595  -0.54733   1.86494   0.89148  -1.70043  -1.20527   1.47802  -2.00000  -0.18454   0.54733  -0.89148   1.20527  -1.47802   1.70043  -1.86494   1.96595  
  11   2.00000  -0.54733  -1.70043   1.47802   0.89148  -1.96595   0.18454   1.86494  -1.20527   2.00000  -0.54733   1.47802  -1.96595   1.86494  -1.20527   0.18454   0.89148  -1.70043  
  12   2.00000  -0.54733  -1.70043   1.47802   0.89148  -1.96595   0.18454   1.86494  -1.20527  -2.00000   0.54733  -1.47802   1.96595  -1.86494   1.20527  -0.18454  -0.89148   1.70043  
  13   2.00000  -1.20527  -0.54733   1.86494  -1.70043   0.18454   1.47802  -1.96595   0.89148   2.00000  -1.20527   1.86494   0.18454  -1.96595   0.89148   1.47802  -1.70043  -0.54733  
  14   2.00000  -1.20527  -0.54733   1.86494  -1.70043   0.18454   1.47802  -1.96595   0.89148  -2.00000   1.20527  -1.86494  -0.18454   1.96595  -0.89148  -1.47802   1.70043   0.54733  
  15   2.00000  -1.70043   0.89148   0.18454  -1.20527   1.86494  -1.96595   1.47802  -0.54733   2.00000  -1.70043   0.18454   1.86494   1.47802  -0.54733  -1.96595  -1.20527   0.89148  
  16   2.00000  -1.70043   0.89148   0.18454  -1.20527   1.86494  -1.96595   1.47802  -0.54733  -2.00000   1.70043  -0.18454  -1.86494  -1.47802   0.54733   1.96595   1.20527  -0.89148  
  17   2.00000  -1.96595   1.86494  -1.70043   1.47802  -1.20527   0.89148  -0.54733   0.18454   2.00000  -1.96595  -1.70043  -1.20527  -0.54733   0.18454   0.89148   1.47802   1.86494  
  18   2.00000  -1.96595   1.86494  -1.70043   1.47802  -1.20527   0.89148  -0.54733   0.18454  -2.00000   1.96595   1.70043   1.20527   0.54733  -0.18454  -0.89148  -1.47802  -1.86494  

