Group	C18h 
n	20

     	Irred     	Operation
   1 	 Ag         	 E         
   2 	 Bg         	 C18       
   3 	 E1g        	 C9        
   4 	 E2g        	 C6        
   5 	 E3g        	 C9^2      
   6 	 E4g        	 C18^5     
   7 	 E5g        	 C3        
   8 	 E6g        	 C18^7     
   9 	 E7g        	 C9^4      
  10 	 E8g        	 C2        
  11 	 Au         	 i         
  12 	 Bu         	 S18       
  13 	 E1u        	 S9        
  14 	 E2u        	 S6        
  15 	 E3u        	 S9^2      
  16 	 E4u        	 S18^5     
  17 	 E5u        	 S3        
  18 	 E6u        	 S18^7     
  19 	 E7u        	 S9^4      
  20 	 E8u        	 sh        

Table
         1         2         3         4         5         6         7         8         9         10        11        12        13        14        15        16        17        18        19        20     
   1   1.00000   1.00000   1.00000   1.00000   1.00000   1.00000   1.00000   1.00000   1.00000   1.00000   1.00000   1.00000   1.00000   1.00000   1.00000   1.00000   1.00000   1.00000   1.00000   1.00000  
   2   1.00000  -1.00000   1.00000  -1.00000   1.00000  -1.00000   1.00000  -1.00000   1.00000  -1.00000   1.00000   1.00000  -1.00000   1.00000  -1.00000   1.00000  -1.00000   1.00000  -1.00000  -1.00000  
   3   2.00000   1.87930   1.53200   1.00000   0.34730  -0.34730  -1.00000  -1.53200  -1.87930  -2.00000   2.00000  -1.87930  -1.53200  -1.00000  -0.34730   0.34730   1.00000   1.53200   1.87930  -2.00000  
   4   2.00000   1.53200   0.34730  -1.00000  -1.87930  -1.87930  -1.00000   0.34730   1.53200   2.00000   2.00000   1.53200   0.34730  -1.00000  -1.87930  -1.87930  -1.00000   0.34730   1.53200   2.00000  
   5   2.00000   1.00000  -1.00000  -2.00000  -1.00000   1.00000   2.00000   1.00000  -1.00000  -2.00000   2.00000  -1.00000   1.00000   2.00000   1.00000  -1.00000  -2.00000  -1.00000   1.00000  -2.00000  
   6   2.00000   0.34730  -1.87930  -1.00000   1.53200   1.53200  -1.00000  -1.87930   0.34730   2.00000   2.00000   0.34730  -1.87930  -1.00000   1.53200   1.53200  -1.00000  -1.87930   0.34730   2.00000  
   7   2.00000  -0.34730  -1.87930   1.00000   1.53200  -1.53200  -1.00000   1.87930   0.34730  -2.00000   2.00000   0.34730   1.87930  -1.00000  -1.53200   1.53200   1.00000  -1.87930  -0.34730  -2.00000  
   8   2.00000  -1.00000  -1.00000   2.00000  -1.00000  -1.00000   2.00000  -1.00000  -1.00000   2.00000   2.00000  -1.00000  -1.00000   2.00000  -1.00000  -1.00000   2.00000  -1.00000  -1.00000   2.00000  
   9   2.00000  -1.53200   0.34730   1.00000  -1.87930   1.87930  -1.00000  -0.34730   1.53200  -2.00000   2.00000   1.53200  -0.34730  -1.00000   1.87930  -1.87930   1.00000   0.34730  -1.53200  -2.00000  
  10   2.00000  -1.87930   1.53200  -1.00000   0.34730   0.34730  -1.00000   1.53200  -1.87930   2.00000   2.00000  -1.87930   1.53200  -1.00000   0.34730   0.34730  -1.00000   1.53200  -1.87930   2.00000  
  11   1.00000   1.00000   1.00000   1.00000   1.00000   1.00000   1.00000   1.00000   1.00000   1.00000  -1.00000  -1.00000  -1.00000  -1.00000  -1.00000  -1.00000  -1.00000  -1.00000  -1.00000  -1.00000  
  12   1.00000  -1.00000   1.00000  -1.00000   1.00000  -1.00000   1.00000  -1.00000   1.00000  -1.00000  -1.00000  -1.00000   1.00000  -1.00000   1.00000  -1.00000   1.00000  -1.00000   1.00000   1.00000  
  13   2.00000   1.87930   1.53200   1.00000   0.34730  -0.34730  -1.00000  -1.53200  -1.87930  -2.00000  -2.00000   1.87930   1.53200   1.00000   0.34730  -0.34730  -1.00000  -1.53200  -1.87930   2.00000  
  14   2.00000   1.53200   0.34730  -1.00000  -1.87930  -1.87930  -1.00000   0.34730   1.53200   2.00000  -2.00000  -1.53200  -0.34730   1.00000   1.87930   1.87930   1.00000  -0.34730  -1.53200  -2.00000  
  15   2.00000   1.00000  -1.00000  -2.00000  -1.00000   1.00000   2.00000   1.00000  -1.00000  -2.00000  -2.00000   1.00000  -1.00000  -2.00000  -1.00000   1.00000   2.00000   1.00000  -1.00000   2.00000  
  16   2.00000   0.34730  -1.87930  -1.00000   1.53200   1.53200  -1.00000  -1.87930   0.34730   2.00000  -2.00000  -0.34730   1.87930   1.00000  -1.53200  -1.53200   1.00000   1.87930  -0.34730  -2.00000  
  17   2.00000  -0.34730  -1.87930   1.00000   1.53200  -1.53200  -1.00000   1.87930   0.34730  -2.00000  -2.00000  -0.34730  -1.87930   1.00000   1.53200  -1.53200  -1.00000   1.87930   0.34730   2.00000  
  18   2.00000  -1.00000  -1.00000   2.00000  -1.00000  -1.00000   2.00000  -1.00000  -1.00000   2.00000  -2.00000   1.00000   1.00000  -2.00000   1.00000   1.00000  -2.00000   1.00000   1.00000  -2.00000  
  19   2.00000  -1.53200   0.34730   1.00000  -1.87930   1.87930  -1.00000  -0.34730   1.53200  -2.00000  -2.00000  -1.53200   0.34730   1.00000  -1.87930   1.87930  -1.00000  -0.34730   1.53200   2.00000  
  20   2.00000  -1.87930   1.53200  -1.00000   0.34730   0.34730  -1.00000   1.53200  -1.87930   2.00000  -2.00000   1.87930  -1.53200   1.00000  -0.34730  -0.34730   1.00000  -1.53200   1.87930  -2.00000  

