Group	C18v 
n	12

     	Irred     	Operation
   1 	 A1         	 E         
   2 	 A2         	 C18       
   3 	 B1         	 C9        
   4 	 B2         	 C6        
   5 	 E1         	 C9^2      
   6 	 E2         	 C18^5     
   7 	 E3         	 C3        
   8 	 E4         	 C18^7     
   9 	 E5         	 C9^4      
  10 	 E6         	 C2        
  11 	 E7         	 sv        
  12 	 E8         	 sd        

Table
         1         2         3         4         5         6         7         8         9         10        11        12     
   1   1.00000   1.00000   1.00000   1.00000   1.00000   1.00000   1.00000   1.00000   1.00000   1.00000   1.00000   1.00000  
   2   1.00000   1.00000   1.00000   1.00000   1.00000   1.00000   1.00000   1.00000   1.00000   1.00000  -1.00000  -1.00000  
   3   1.00000  -1.00000   1.00000  -1.00000   1.00000  -1.00000   1.00000  -1.00000   1.00000  -1.00000   1.00000  -1.00000  
   4   1.00000  -1.00000   1.00000  -1.00000   1.00000  -1.00000   1.00000  -1.00000   1.00000  -1.00000  -1.00000   1.00000  
   5   2.00000   1.87930   1.53200   1.00000   0.34730  -0.34730  -1.00000  -1.53200  -1.87930  -2.00000   0.00000   0.00000  
   6   2.00000   1.53200   0.34730  -1.00000  -1.87930  -1.87930  -1.00000   0.34730   1.53200   2.00000   0.00000   0.00000  
   7   2.00000   1.00000  -1.00000  -2.00000  -1.00000   1.00000   2.00000   1.00000  -1.00000  -2.00000   0.00000   0.00000  
   8   2.00000   0.34730  -1.87930  -1.00000   1.53200   1.53200  -1.00000  -1.87930   0.34730   2.00000   0.00000   0.00000  
   9   2.00000  -0.34730  -1.87930   1.00000   1.53200  -1.53200  -1.00000   1.87930   0.34730  -2.00000   0.00000   0.00000  
  10   2.00000  -1.00000  -1.00000   2.00000  -1.00000  -1.00000   2.00000  -1.00000  -1.00000   2.00000   0.00000   0.00000  
  11   2.00000  -1.53200   0.34730   1.00000  -1.87930   1.87930  -1.00000  -0.34730   1.53200  -2.00000   0.00000   0.00000  
  12   2.00000  -1.87930   1.53200  -1.00000   0.34730   0.34730  -1.00000   1.53200  -1.87930   2.00000   0.00000   0.00000  

