Group	C19h 
n	20

     	Irred     	Operation
   1 	 A'         	 E         
   2 	 A"         	 C19       
   3 	 E1'        	 C19^2     
   4 	 E1"        	 C19^3     
   5 	 E2'        	 C19^4     
   6 	 E2"        	 C19^5     
   7 	 E3'        	 C19^6     
   8 	 E3"        	 C19^7     
   9 	 E4'        	 C19^8     
  10 	 E4"        	 C19^9     
  11 	 E5'        	 sh        
  12 	 E5"        	 S19       
  13 	 E6'        	 S19^3     
  14 	 E6"        	 S19^5     
  15 	 E7'        	 S19^7     
  16 	 E7"        	 S19^9     
  17 	 E8'        	 S19^11    
  18 	 E8"        	 S19^13    
  19 	 E9'        	 S19^15    
  20 	 E9"        	 S19^17    

Table
         1         2         3         4         5         6         7         8         9         10        11        12        13        14        15        16        17        18        19        20     
   1   1.00000   1.00000   1.00000   1.00000   1.00000   1.00000   1.00000   1.00000   1.00000   1.00000   1.00000   1.00000   1.00000   1.00000   1.00000   1.00000   1.00000   1.00000   1.00000   1.00000  
   2   1.00000   1.00000   1.00000   1.00000   1.00000   1.00000   1.00000   1.00000   1.00000   1.00000  -1.00000  -1.00000  -1.00000  -1.00000  -1.00000  -1.00000  -1.00000  -1.00000  -1.00000  -1.00000  
   3   2.00000   1.89163   1.57828   1.09390   0.49097  -0.16516  -0.80339  -1.35456  -1.75895  -1.97272   2.00000   1.89163   1.09390  -0.16516  -1.35456  -1.97272  -1.75895  -0.80339   0.49097   1.57828  
   4   2.00000   1.89163   1.57828   1.09390   0.49097  -0.16516  -0.80339  -1.35456  -1.75895  -1.97272  -2.00000  -1.89163  -1.09390   0.16516   1.35456   1.97272   1.75895   0.80339  -0.49097  -1.57828  
   5   2.00000   1.57828   0.49097  -0.80339  -1.75895  -1.97272  -1.35456  -0.16516   1.09390   1.89163   2.00000   1.57828  -0.80339  -1.97272  -0.16516   1.89163   1.09390  -1.35456  -1.75895   0.49097  
   6   2.00000   1.57828   0.49097  -0.80339  -1.75895  -1.97272  -1.35456  -0.16516   1.09390   1.89163  -2.00000  -1.57828   0.80339   1.97272   0.16516  -1.89163  -1.09390   1.35456   1.75895  -0.49097  
   7   2.00000   1.09390  -0.80339  -1.97272  -1.35456   0.49097   1.89163   1.57828  -0.16516  -1.75895   2.00000   1.09390  -1.97272   0.49097   1.57828  -1.75895  -0.16516   1.89163  -1.35456  -0.80339  
   8   2.00000   1.09390  -0.80339  -1.97272  -1.35456   0.49097   1.89163   1.57828  -0.16516  -1.75895  -2.00000  -1.09390   1.97272  -0.49097  -1.57828   1.75895   0.16516  -1.89163   1.35456   0.80339  
   9   2.00000   0.49097  -1.75895  -1.35456   1.09390   1.89163  -0.16516  -1.97272  -0.80339   1.57828   2.00000   0.49097  -1.35456   1.89163  -1.97272   1.57828  -0.80339  -0.16516   1.09390  -1.75895  
  10   2.00000   0.49097  -1.75895  -1.35456   1.09390   1.89163  -0.16516  -1.97272  -0.80339   1.57828  -2.00000  -0.49097   1.35456  -1.89163   1.97272  -1.57828   0.80339   0.16516  -1.09390   1.75895  
  11   2.00000  -0.16516  -1.97272   0.49097   1.89163  -0.80339  -1.75895   1.09390   1.57828  -1.35456   2.00000  -0.16516   0.49097  -0.80339   1.09390  -1.35456   1.57828  -1.75895   1.89163  -1.97272  
  12   2.00000  -0.16516  -1.97272   0.49097   1.89163  -0.80339  -1.75895   1.09390   1.57828  -1.35456  -2.00000   0.16516  -0.49097   0.80339  -1.09390   1.35456  -1.57828   1.75895  -1.89163   1.97272  
  13   2.00000  -0.80339  -1.35456   1.89163  -0.16516  -1.75895   1.57828   0.49097  -1.97272   1.09390   2.00000  -0.80339   1.89163  -1.75895   0.49097   1.09390  -1.97272   1.57828  -0.16516  -1.35456  
  14   2.00000  -0.80339  -1.35456   1.89163  -0.16516  -1.75895   1.57828   0.49097  -1.97272   1.09390  -2.00000   0.80339  -1.89163   1.75895  -0.49097  -1.09390   1.97272  -1.57828   0.16516   1.35456  
  15   2.00000  -1.35456  -0.16516   1.57828  -1.97272   1.09390   0.49097  -1.75895   1.89163  -0.80339   2.00000  -1.35456   1.57828   1.09390  -1.75895  -0.80339   1.89163   0.49097  -1.97272  -0.16516  
  16   2.00000  -1.35456  -0.16516   1.57828  -1.97272   1.09390   0.49097  -1.75895   1.89163  -0.80339  -2.00000   1.35456  -1.57828  -1.09390   1.75895   0.80339  -1.89163  -0.49097   1.97272   0.16516  
  17   2.00000  -1.75895   1.09390  -0.16516  -0.80339   1.57828  -1.97272   1.89163  -1.35456   0.49097   2.00000  -1.75895  -0.16516   1.57828   1.89163   0.49097  -1.35456  -1.97272  -0.80339   1.09390  
  18   2.00000  -1.75895   1.09390  -0.16516  -0.80339   1.57828  -1.97272   1.89163  -1.35456   0.49097  -2.00000   1.75895   0.16516  -1.57828  -1.89163  -0.49097   1.35456   1.97272   0.80339  -1.09390  
  19   2.00000  -1.97272   1.89163  -1.75895   1.57828  -1.35456   1.09390  -0.80339   0.49097  -0.16516   2.00000  -1.97272  -1.75895  -1.35456  -0.80339  -0.16516   0.49097   1.09390   1.57828   1.89163  
  20   2.00000  -1.97272   1.89163  -1.75895   1.57828  -1.35456   1.09390  -0.80339   0.49097  -0.16516  -2.00000   1.97272   1.75895   1.35456   0.80339   0.16516  -0.49097  -1.09390  -1.57828  -1.89163  

