Group	C20h 
n	22

     	Irred     	Operation
   1 	 Ag         	 E         
   2 	 Bg         	 C20       
   3 	 E1g        	 C10       
   4 	 E2g        	 C20^3     
   5 	 E3g        	 C5        
   6 	 E4g        	 C4        
   7 	 E5g        	 C10^3     
   8 	 E6g        	 C20^7     
   9 	 E7g        	 C5^2      
  10 	 E8g        	 C20^9     
  11 	 E9g        	 C2        
  12 	 Au         	 i         
  13 	 Bu         	 S20       
  14 	 E1u        	 S10       
  15 	 E2u        	 S20^3     
  16 	 E3u        	 S5        
  17 	 E4u        	 S4        
  18 	 E5u        	 S10^3     
  19 	 E6u        	 S20^7     
  20 	 E7u        	 S5^2      
  21 	 E8u        	 S20^9     
  22 	 E9u        	 sh        

Table
         1         2         3         4         5         6         7         8         9         10        11        12        13        14        15        16        17        18        19        20        21        22     
   1   1.00000   1.00000   1.00000   1.00000   1.00000   1.00000   1.00000   1.00000   1.00000   1.00000   1.00000   1.00000   1.00000   1.00000   1.00000   1.00000   1.00000   1.00000   1.00000   1.00000   1.00000   1.00000  
   2   1.00000  -1.00000   1.00000  -1.00000   1.00000  -1.00000   1.00000  -1.00000   1.00000  -1.00000   1.00000   1.00000  -1.00000   1.00000  -1.00000   1.00000  -1.00000   1.00000  -1.00000   1.00000  -1.00000   1.00000  
   3   2.00000   1.90210   1.61800   1.17550   0.61800   0.00000  -0.61800  -1.17550  -1.61800  -1.90210  -2.00000   2.00000  -1.90210  -1.61800  -1.17550  -0.61800   0.00000   0.61800   1.17550   1.61800   1.90210  -2.00000  
   4   2.00000   1.61800   0.61800  -0.61800  -1.61800  -2.00000  -1.61800  -0.61800   0.61800   1.61800   2.00000   2.00000   1.61800   0.61800  -0.61800  -1.61800  -2.00000  -1.61800  -0.61800   0.61800   1.61800   2.00000  
   5   2.00000   1.17550  -0.61800  -1.90210  -1.61800   0.00000   1.61800   1.90210   0.61800  -1.17550  -2.00000   2.00000  -1.17550   0.61800   1.90210   1.61800   0.00000  -1.61800  -1.90210  -0.61800   1.17550  -2.00000  
   6   2.00000   0.61800  -1.61800  -1.61800   0.61800   2.00000   0.61800  -1.61800  -1.61800   0.61800   2.00000   2.00000   0.61800  -1.61800  -1.61800   0.61800   2.00000   0.61800  -1.61800  -1.61800   0.61800   2.00000  
   7   2.00000   0.00000  -2.00000   0.00000   2.00000   0.00000  -2.00000   0.00000   2.00000   0.00000  -2.00000   2.00000   0.00000   2.00000   0.00000  -2.00000   0.00000   2.00000   0.00000  -2.00000   0.00000  -2.00000  
   8   2.00000  -0.61800  -1.61800   1.61800   0.61800  -2.00000   0.61800   1.61800  -1.61800  -0.61800   2.00000   2.00000  -0.61800  -1.61800   1.61800   0.61800  -2.00000   0.61800   1.61800  -1.61800  -0.61800   2.00000  
   9   2.00000  -1.17550  -0.61800   1.90210  -1.61800   0.00000   1.61800  -1.90210   0.61800   1.17550  -2.00000   2.00000   1.17550   0.61800  -1.90210   1.61800   0.00000  -1.61800   1.90210  -0.61800  -1.17550  -2.00000  
  10   2.00000  -1.61800   0.61800   0.61800  -1.61800   2.00000  -1.61800   0.61800   0.61800  -1.61800   2.00000   2.00000  -1.61800   0.61800   0.61800  -1.61800   2.00000  -1.61800   0.61800   0.61800  -1.61800   2.00000  
  11   2.00000  -1.90210   1.61800  -1.17550   0.61800   0.00000  -0.61800   1.17550  -1.61800   1.90210  -2.00000   2.00000   1.90210  -1.61800   1.17550  -0.61800   0.00000   0.61800  -1.17550   1.61800  -1.90210  -2.00000  
  12   1.00000   1.00000   1.00000   1.00000   1.00000   1.00000   1.00000   1.00000   1.00000   1.00000   1.00000  -1.00000  -1.00000  -1.00000  -1.00000  -1.00000  -1.00000  -1.00000  -1.00000  -1.00000  -1.00000  -1.00000  
  13   1.00000  -1.00000   1.00000  -1.00000   1.00000  -1.00000   1.00000  -1.00000   1.00000  -1.00000   1.00000  -1.00000   1.00000  -1.00000   1.00000  -1.00000   1.00000  -1.00000   1.00000  -1.00000   1.00000  -1.00000  
  14   2.00000   1.90210   1.61800   1.17550   0.61800   0.00000  -0.61800  -1.17550  -1.61800  -1.90210  -2.00000  -2.00000   1.90210   1.61800   1.17550   0.61800   0.00000  -0.61800  -1.17550  -1.61800  -1.90210   2.00000  
  15   2.00000   1.61800   0.61800  -0.61800  -1.61800  -2.00000  -1.61800  -0.61800   0.61800   1.61800   2.00000  -2.00000  -1.61800  -0.61800   0.61800   1.61800   2.00000   1.61800   0.61800  -0.61800  -1.61800  -2.00000  
  16   2.00000   1.17550  -0.61800  -1.90210  -1.61800   0.00000   1.61800   1.90210   0.61800  -1.17550  -2.00000  -2.00000   1.17550  -0.61800  -1.90210  -1.61800   0.00000   1.61800   1.90210   0.61800  -1.17550   2.00000  
  17   2.00000   0.61800  -1.61800  -1.61800   0.61800   2.00000   0.61800  -1.61800  -1.61800   0.61800   2.00000  -2.00000  -0.61800   1.61800   1.61800  -0.61800  -2.00000  -0.61800   1.61800   1.61800  -0.61800  -2.00000  
  18   2.00000   0.00000  -2.00000   0.00000   2.00000   0.00000  -2.00000   0.00000   2.00000   0.00000  -2.00000  -2.00000   0.00000  -2.00000   0.00000   2.00000   0.00000  -2.00000   0.00000   2.00000   0.00000   2.00000  
  19   2.00000  -0.61800  -1.61800   1.61800   0.61800  -2.00000   0.61800   1.61800  -1.61800  -0.61800   2.00000  -2.00000   0.61800   1.61800  -1.61800  -0.61800   2.00000  -0.61800  -1.61800   1.61800   0.61800  -2.00000  
  20   2.00000  -1.17550  -0.61800   1.90210  -1.61800   0.00000   1.61800  -1.90210   0.61800   1.17550  -2.00000  -2.00000  -1.17550  -0.61800   1.90210  -1.61800   0.00000   1.61800  -1.90210   0.61800   1.17550   2.00000  
  21   2.00000  -1.61800   0.61800   0.61800  -1.61800   2.00000  -1.61800   0.61800   0.61800  -1.61800   2.00000  -2.00000   1.61800  -0.61800  -0.61800   1.61800  -2.00000   1.61800  -0.61800  -0.61800   1.61800  -2.00000  
  22   2.00000  -1.90210   1.61800  -1.17550   0.61800   0.00000  -0.61800   1.17550  -1.61800   1.90210  -2.00000  -2.00000  -1.90210   1.61800  -1.17550   0.61800   0.00000  -0.61800   1.17550  -1.61800   1.90210   2.00000  

