Group	C21h 
n	22

     	Irred     	Operation
   1 	 A'         	 E         
   2 	 A"         	 C21       
   3 	 E1'        	 C21^2     
   4 	 E1"        	 C7        
   5 	 E2'        	 C21^4     
   6 	 E2"        	 C21^5     
   7 	 E3'        	 C7^2      
   8 	 E3"        	 C3        
   9 	 E4'        	 C21^8     
  10 	 E4"        	 C7^3      
  11 	 E5'        	 C21^10    
  12 	 E5"        	 sh        
  13 	 E6'        	 S21       
  14 	 E6"        	 S7        
  15 	 E7'        	 S21^5     
  16 	 E7"        	 S3        
  17 	 E8'        	 S7^3      
  18 	 E8"        	 S21^11    
  19 	 E9'        	 S21^13    
  20 	 E9"        	 S7^5      
  21 	 E10'       	 S21^17    
  22 	 E10"       	 S21^19    

Table
         1         2         3         4         5         6         7         8         9         10        11        12        13        14        15        16        17        18        19        20        21        22     
   1   1.00000   1.00000   1.00000   1.00000   1.00000   1.00000   1.00000   1.00000   1.00000   1.00000   1.00000   1.00000   1.00000   1.00000   1.00000   1.00000   1.00000   1.00000   1.00000   1.00000   1.00000   1.00000  
   2   1.00000   1.00000   1.00000   1.00000   1.00000   1.00000   1.00000   1.00000   1.00000   1.00000   1.00000  -1.00000  -1.00000  -1.00000  -1.00000  -1.00000  -1.00000  -1.00000  -1.00000  -1.00000  -1.00000  -1.00000  
   3   2.00000   1.91115   1.65248   1.24698   0.73068   0.14946  -0.44504  -1.00000  -1.46610  -1.80194  -1.97766   2.00000   1.91115   1.24698   0.14946  -1.00000  -1.80194  -1.97766  -1.46610  -0.44504   0.73068   1.65248  
   4   2.00000   1.91115   1.65248   1.24698   0.73068   0.14946  -0.44504  -1.00000  -1.46610  -1.80194  -1.97766  -2.00000  -1.91115  -1.24698  -0.14946   1.00000   1.80194   1.97766   1.46610   0.44504  -0.73068  -1.65248  
   5   2.00000   1.65248   0.73068  -0.44504  -1.46610  -1.97766  -1.80194  -1.00000   0.14946   1.24698   1.91115   2.00000   1.65248  -0.44504  -1.97766  -1.00000   1.24698   1.91115   0.14946  -1.80194  -1.46610   0.73068  
   6   2.00000   1.65248   0.73068  -0.44504  -1.46610  -1.97766  -1.80194  -1.00000   0.14946   1.24698   1.91115  -2.00000  -1.65248   0.44504   1.97766   1.00000  -1.24698  -1.91115  -0.14946   1.80194   1.46610  -0.73068  
   7   2.00000   1.24698  -0.44504  -1.80194  -1.80194  -0.44504   1.24698   2.00000   1.24698  -0.44504  -1.80194   2.00000   1.24698  -1.80194  -0.44504   2.00000  -0.44504  -1.80194   1.24698   1.24698  -1.80194  -0.44504  
   8   2.00000   1.24698  -0.44504  -1.80194  -1.80194  -0.44504   1.24698   2.00000   1.24698  -0.44504  -1.80194  -2.00000  -1.24698   1.80194   0.44504  -2.00000   0.44504   1.80194  -1.24698  -1.24698   1.80194   0.44504  
   9   2.00000   0.73068  -1.46610  -1.80194   0.14946   1.91115   1.24698  -1.00000  -1.97766  -0.44504   1.65248   2.00000   0.73068  -1.80194   1.91115  -1.00000  -0.44504   1.65248  -1.97766   1.24698   0.14946  -1.46610  
  10   2.00000   0.73068  -1.46610  -1.80194   0.14946   1.91115   1.24698  -1.00000  -1.97766  -0.44504   1.65248  -2.00000  -0.73068   1.80194  -1.91115   1.00000   0.44504  -1.65248   1.97766  -1.24698  -0.14946   1.46610  
  11   2.00000   0.14946  -1.97766  -0.44504   1.91115   0.73068  -1.80194  -1.00000   1.65248   1.24698  -1.46610   2.00000   0.14946  -0.44504   0.73068  -1.00000   1.24698  -1.46610   1.65248  -1.80194   1.91115  -1.97766  
  12   2.00000   0.14946  -1.97766  -0.44504   1.91115   0.73068  -1.80194  -1.00000   1.65248   1.24698  -1.46610  -2.00000  -0.14946   0.44504  -0.73068   1.00000  -1.24698   1.46610  -1.65248   1.80194  -1.91115   1.97766  
  13   2.00000  -0.44504  -1.80194   1.24698   1.24698  -1.80194  -0.44504   2.00000  -0.44504  -1.80194   1.24698   2.00000  -0.44504   1.24698  -1.80194   2.00000  -1.80194   1.24698  -0.44504  -0.44504   1.24698  -1.80194  
  14   2.00000  -0.44504  -1.80194   1.24698   1.24698  -1.80194  -0.44504   2.00000  -0.44504  -1.80194   1.24698  -2.00000   0.44504  -1.24698   1.80194  -2.00000   1.80194  -1.24698   0.44504   0.44504  -1.24698   1.80194  
  15   2.00000  -1.00000  -1.00000   2.00000  -1.00000  -1.00000   2.00000  -1.00000  -1.00000   2.00000  -1.00000   2.00000  -1.00000   2.00000  -1.00000  -1.00000   2.00000  -1.00000  -1.00000   2.00000  -1.00000  -1.00000  
  16   2.00000  -1.00000  -1.00000   2.00000  -1.00000  -1.00000   2.00000  -1.00000  -1.00000   2.00000  -1.00000  -2.00000   1.00000  -2.00000   1.00000   1.00000  -2.00000   1.00000   1.00000  -2.00000   1.00000   1.00000  
  17   2.00000  -1.46610   0.14946   1.24698  -1.97766   1.65248  -0.44504  -1.00000   1.91115  -1.80194   0.73068   2.00000  -1.46610   1.24698   1.65248  -1.00000  -1.80194   0.73068   1.91115  -0.44504  -1.97766   0.14946  
  18   2.00000  -1.46610   0.14946   1.24698  -1.97766   1.65248  -0.44504  -1.00000   1.91115  -1.80194   0.73068  -2.00000   1.46610  -1.24698  -1.65248   1.00000   1.80194  -0.73068  -1.91115   0.44504   1.97766  -0.14946  
  19   2.00000  -1.80194   1.24698  -0.44504  -0.44504   1.24698  -1.80194   2.00000  -1.80194   1.24698  -0.44504   2.00000  -1.80194  -0.44504   1.24698   2.00000   1.24698  -0.44504  -1.80194  -1.80194  -0.44504   1.24698  
  20   2.00000  -1.80194   1.24698  -0.44504  -0.44504   1.24698  -1.80194   2.00000  -1.80194   1.24698  -0.44504  -2.00000   1.80194   0.44504  -1.24698  -2.00000  -1.24698   0.44504   1.80194   1.80194   0.44504  -1.24698  
  21   2.00000  -1.97766   1.91115  -1.80194   1.65248  -1.46610   1.24698  -1.00000   0.73068  -0.44504   0.14946   2.00000  -1.97766  -1.80194  -1.46610  -1.00000  -0.44504   0.14946   0.73068   1.24698   1.65248   1.91115  
  22   2.00000  -1.97766   1.91115  -1.80194   1.65248  -1.46610   1.24698  -1.00000   0.73068  -0.44504   0.14946  -2.00000   1.97766   1.80194   1.46610   1.00000   0.44504  -0.14946  -0.73068  -1.24698  -1.65248  -1.91115  

