Group	C22h 
n	24

     	Irred     	Operation
   1 	 Ag         	 E         
   2 	 Bg         	 C22       
   3 	 E1g        	 C11       
   4 	 E2g        	 C22^3     
   5 	 E3g        	 C11^2     
   6 	 E4g        	 C22^5     
   7 	 E5g        	 C11^3     
   8 	 E6g        	 C22^7     
   9 	 E7g        	 C11^4     
  10 	 E8g        	 C22^9     
  11 	 E9g        	 C11^5     
  12 	 E10g       	 C2        
  13 	 Au         	 i         
  14 	 Bu         	 S22       
  15 	 E1u        	 S11       
  16 	 E2u        	 S22^3     
  17 	 E3u        	 S11^2     
  18 	 E4u        	 S22^5     
  19 	 E5u        	 S11^3     
  20 	 E6u        	 S22^7     
  21 	 E7u        	 S11^4     
  22 	 E8u        	 S22^9     
  23 	 E9u        	 S11^5     
  24 	 E10u       	 sh        

Table
         1         2         3         4         5         6         7         8         9         10        11        12        13        14        15        16        17        18        19        20        21        22        23        24     
   1   1.00000   1.00000   1.00000   1.00000   1.00000   1.00000   1.00000   1.00000   1.00000   1.00000   1.00000   1.00000   1.00000   1.00000   1.00000   1.00000   1.00000   1.00000   1.00000   1.00000   1.00000   1.00000   1.00000   1.00000  
   2   1.00000  -1.00000   1.00000  -1.00000   1.00000  -1.00000   1.00000  -1.00000   1.00000  -1.00000   1.00000  -1.00000   1.00000   1.00000  -1.00000   1.00000  -1.00000   1.00000  -1.00000   1.00000  -1.00000   1.00000  -1.00000  -1.00000  
   3   2.00000   1.91890   1.68250   1.30970   0.83080   0.28460  -0.28460  -0.83080  -1.30970  -1.68250  -1.91890  -2.00000   2.00000  -1.91890  -1.68250  -1.30970  -0.83080  -0.28460   0.28460   0.83080   1.30970   1.68250   1.91890  -2.00000  
   4   2.00000   1.68250   0.83080  -0.28460  -1.30970  -1.91890  -1.91890  -1.30970  -0.28460   0.83080   1.68250   2.00000   2.00000   1.68250   0.83080  -0.28460  -1.30970  -1.91890  -1.91890  -1.30970  -0.28460   0.83080   1.68250   2.00000  
   5   2.00000   1.30970  -0.28460  -1.68250  -1.91890  -0.83080   0.83080   1.91890   1.68250   0.28460  -1.30970  -2.00000   2.00000  -1.30970   0.28460   1.68250   1.91890   0.83080  -0.83080  -1.91890  -1.68250  -0.28460   1.30970  -2.00000  
   6   2.00000   0.83080  -1.30970  -1.91890  -0.28460   1.68250   1.68250  -0.28460  -1.91890  -1.30970   0.83080   2.00000   2.00000   0.83080  -1.30970  -1.91890  -0.28460   1.68250   1.68250  -0.28460  -1.91890  -1.30970   0.83080   2.00000  
   7   2.00000   0.28460  -1.91890  -0.83080   1.68250   1.30970  -1.30970  -1.68250   0.83080   1.91890  -0.28460  -2.00000   2.00000  -0.28460   1.91890   0.83080  -1.68250  -1.30970   1.30970   1.68250  -0.83080  -1.91890   0.28460  -2.00000  
   8   2.00000  -0.28460  -1.91890   0.83080   1.68250  -1.30970  -1.30970   1.68250   0.83080  -1.91890  -0.28460   2.00000   2.00000  -0.28460  -1.91890   0.83080   1.68250  -1.30970  -1.30970   1.68250   0.83080  -1.91890  -0.28460   2.00000  
   9   2.00000  -0.83080  -1.30970   1.91890  -0.28460  -1.68250   1.68250   0.28460  -1.91890   1.30970   0.83080  -2.00000   2.00000   0.83080   1.30970  -1.91890   0.28460   1.68250  -1.68250  -0.28460   1.91890  -1.30970  -0.83080  -2.00000  
  10   2.00000  -1.30970  -0.28460   1.68250  -1.91890   0.83080   0.83080  -1.91890   1.68250  -0.28460  -1.30970   2.00000   2.00000  -1.30970  -0.28460   1.68250  -1.91890   0.83080   0.83080  -1.91890   1.68250  -0.28460  -1.30970   2.00000  
  11   2.00000  -1.68250   0.83080   0.28460  -1.30970   1.91890  -1.91890   1.30970  -0.28460  -0.83080   1.68250  -2.00000   2.00000   1.68250  -0.83080  -0.28460   1.30970  -1.91890   1.91890  -1.30970   0.28460   0.83080  -1.68250  -2.00000  
  12   2.00000  -1.91890   1.68250  -1.30970   0.83080  -0.28460  -0.28460   0.83080  -1.30970   1.68250  -1.91890   2.00000   2.00000  -1.91890   1.68250  -1.30970   0.83080  -0.28460  -0.28460   0.83080  -1.30970   1.68250  -1.91890   2.00000  
  13   1.00000   1.00000   1.00000   1.00000   1.00000   1.00000   1.00000   1.00000   1.00000   1.00000   1.00000   1.00000  -1.00000  -1.00000  -1.00000  -1.00000  -1.00000  -1.00000  -1.00000  -1.00000  -1.00000  -1.00000  -1.00000  -1.00000  
  14   1.00000  -1.00000   1.00000  -1.00000   1.00000  -1.00000   1.00000  -1.00000   1.00000  -1.00000   1.00000  -1.00000  -1.00000  -1.00000   1.00000  -1.00000   1.00000  -1.00000   1.00000  -1.00000   1.00000  -1.00000   1.00000   1.00000  
  15   2.00000   1.91890   1.68250   1.30970   0.83080   0.28460  -0.28460  -0.83080  -1.30970  -1.68250  -1.91890  -2.00000  -2.00000   1.91890   1.68250   1.30970   0.83080   0.28460  -0.28460  -0.83080  -1.30970  -1.68250  -1.91890   2.00000  
  16   2.00000   1.68250   0.83080  -0.28460  -1.30970  -1.91890  -1.91890  -1.30970  -0.28460   0.83080   1.68250   2.00000  -2.00000  -1.68250  -0.83080   0.28460   1.30970   1.91890   1.91890   1.30970   0.28460  -0.83080  -1.68250  -2.00000  
  17   2.00000   1.30970  -0.28460  -1.68250  -1.91890  -0.83080   0.83080   1.91890   1.68250   0.28460  -1.30970  -2.00000  -2.00000   1.30970  -0.28460  -1.68250  -1.91890  -0.83080   0.83080   1.91890   1.68250   0.28460  -1.30970   2.00000  
  18   2.00000   0.83080  -1.30970  -1.91890  -0.28460   1.68250   1.68250  -0.28460  -1.91890  -1.30970   0.83080   2.00000  -2.00000  -0.83080   1.30970   1.91890   0.28460  -1.68250  -1.68250   0.28460   1.91890   1.30970  -0.83080  -2.00000  
  19   2.00000   0.28460  -1.91890  -0.83080   1.68250   1.30970  -1.30970  -1.68250   0.83080   1.91890  -0.28460  -2.00000  -2.00000   0.28460  -1.91890  -0.83080   1.68250   1.30970  -1.30970  -1.68250   0.83080   1.91890  -0.28460   2.00000  
  20   2.00000  -0.28460  -1.91890   0.83080   1.68250  -1.30970  -1.30970   1.68250   0.83080  -1.91890  -0.28460   2.00000  -2.00000   0.28460   1.91890  -0.83080  -1.68250   1.30970   1.30970  -1.68250  -0.83080   1.91890   0.28460  -2.00000  
  21   2.00000  -0.83080  -1.30970   1.91890  -0.28460  -1.68250   1.68250   0.28460  -1.91890   1.30970   0.83080  -2.00000  -2.00000  -0.83080  -1.30970   1.91890  -0.28460  -1.68250   1.68250   0.28460  -1.91890   1.30970   0.83080   2.00000  
  22   2.00000  -1.30970  -0.28460   1.68250  -1.91890   0.83080   0.83080  -1.91890   1.68250  -0.28460  -1.30970   2.00000  -2.00000   1.30970   0.28460  -1.68250   1.91890  -0.83080  -0.83080   1.91890  -1.68250   0.28460   1.30970  -2.00000  
  23   2.00000  -1.68250   0.83080   0.28460  -1.30970   1.91890  -1.91890   1.30970  -0.28460  -0.83080   1.68250  -2.00000  -2.00000  -1.68250   0.83080   0.28460  -1.30970   1.91890  -1.91890   1.30970  -0.28460  -0.83080   1.68250   2.00000  
  24   2.00000  -1.91890   1.68250  -1.30970   0.83080  -0.28460  -0.28460   0.83080  -1.30970   1.68250  -1.91890   2.00000  -2.00000   1.91890  -1.68250   1.30970  -0.83080   0.28460   0.28460  -0.83080   1.30970  -1.68250   1.91890  -2.00000  

