Group	C24 
n	13

     	Irred     	Operation
   1 	 A          	 E         
   2 	 B          	 C24       
   3 	 E1         	 C12       
   4 	 E2         	 C8        
   5 	 E3         	 C6        
   6 	 E4         	 C24^5     
   7 	 E5         	 C4        
   8 	 E6         	 C24^7     
   9 	 E7         	 C3        
  10 	 E8         	 C8^3      
  11 	 E9         	 C12^5     
  12 	 E10        	 C24^11    
  13 	 E11        	 C2        

Table
         1         2         3         4         5         6         7         8         9         10        11        12        13     
   1   1.00000   1.00000   1.00000   1.00000   1.00000   1.00000   1.00000   1.00000   1.00000   1.00000   1.00000   1.00000   1.00000  
   2   1.00000  -1.00000   1.00000  -1.00000   1.00000  -1.00000   1.00000  -1.00000   1.00000  -1.00000   1.00000  -1.00000   1.00000  
   3   2.00000   1.93185   1.73205   1.41421   1.00000   0.51764   0.00000  -0.51764  -1.00000  -1.41421  -1.73205  -1.93185  -2.00000  
   4   2.00000   1.73205   1.00000   0.00000  -1.00000  -1.73205  -2.00000  -1.73205  -1.00000   0.00000   1.00000   1.73205   2.00000  
   5   2.00000   1.41421   0.00000  -1.41421  -2.00000  -1.41421   0.00000   1.41421   2.00000   1.41421   0.00000  -1.41421  -2.00000  
   6   2.00000   1.00000  -1.00000  -2.00000  -1.00000   1.00000   2.00000   1.00000  -1.00000  -2.00000  -1.00000   1.00000   2.00000  
   7   2.00000   0.51764  -1.73205  -1.41421   1.00000   1.93185   0.00000  -1.93185  -1.00000   1.41421   1.73205  -0.51764  -2.00000  
   8   2.00000   0.00000  -2.00000   0.00000   2.00000   0.00000  -2.00000   0.00000   2.00000   0.00000  -2.00000   0.00000   2.00000  
   9   2.00000  -0.51764  -1.73205   1.41421   1.00000  -1.93185   0.00000   1.93185  -1.00000  -1.41421   1.73205   0.51764  -2.00000  
  10   2.00000  -1.00000  -1.00000   2.00000  -1.00000  -1.00000   2.00000  -1.00000  -1.00000   2.00000  -1.00000  -1.00000   2.00000  
  11   2.00000  -1.41421   0.00000   1.41421  -2.00000   1.41421   0.00000  -1.41421   2.00000  -1.41421   0.00000   1.41421  -2.00000  
  12   2.00000  -1.73205   1.00000   0.00000  -1.00000   1.73205  -2.00000   1.73205  -1.00000   0.00000   1.00000  -1.73205   2.00000  
  13   2.00000  -1.93185   1.73205  -1.41421   1.00000  -0.51764   0.00000   0.51764  -1.00000   1.41421  -1.73205   1.93185  -2.00000  

