Group	C25 
n	13

     	Irred     	Operation
   1 	 A          	 E         
   2 	 E1         	 C25       
   3 	 E2         	 C25^2     
   4 	 E3         	 C25^3     
   5 	 E4         	 C25^4     
   6 	 E5         	 C5        
   7 	 E6         	 C25^6     
   8 	 E7         	 C25^7     
   9 	 E8         	 C25^8     
  10 	 E9         	 C25^9     
  11 	 E10        	 C5^2      
  12 	 E11        	 C25^11    
  13 	 E12        	 C25^12    

Table
         1         2         3         4         5         6         7         8         9         10        11        12        13     
   1   1.00000   1.00000   1.00000   1.00000   1.00000   1.00000   1.00000   1.00000   1.00000   1.00000   1.00000   1.00000   1.00000  
   2   2.00000   1.93717   1.75261   1.45794   1.07165   0.61803   0.12558  -0.37476  -0.85156  -1.27485  -1.61803  -1.85955  -1.98423  
   3   2.00000   1.75261   1.07165   0.12558  -0.85156  -1.61803  -1.98423  -1.85955  -1.27485  -0.37476   0.61803   1.45794   1.93717  
   4   2.00000   1.45794   0.12558  -1.27485  -1.98423  -1.61803  -0.37476   1.07165   1.93717   1.75261   0.61803  -0.85156  -1.85955  
   5   2.00000   1.07165  -0.85156  -1.98423  -1.27485   0.61803   1.93717   1.45794  -0.37476  -1.85955  -1.61803   0.12558   1.75261  
   6   2.00000   0.61803  -1.61803  -1.61803   0.61803   2.00000   0.61803  -1.61803  -1.61803   0.61803   2.00000   0.61803  -1.61803  
   7   2.00000   0.12558  -1.98423  -0.37476   1.93717   0.61803  -1.85955  -0.85156   1.75261   1.07165  -1.61803  -1.27485   1.45794  
   8   2.00000  -0.37476  -1.85955   1.07165   1.45794  -1.61803  -0.85156   1.93717   0.12558  -1.98423   0.61803   1.75261  -1.27485  
   9   2.00000  -0.85156  -1.27485   1.93717  -0.37476  -1.61803   1.75261   0.12558  -1.85955   1.45794   0.61803  -1.98423   1.07165  
  10   2.00000  -1.27485  -0.37476   1.75261  -1.85955   0.61803   1.07165  -1.98423   1.45794   0.12558  -1.61803   1.93717  -0.85156  
  11   2.00000  -1.61803   0.61803   0.61803  -1.61803   2.00000  -1.61803   0.61803   0.61803  -1.61803   2.00000  -1.61803   0.61803  
  12   2.00000  -1.85955   1.45794  -0.85156   0.12558   0.61803  -1.27485   1.75261  -1.98423   1.93717  -1.61803   1.07165  -0.37476  
  13   2.00000  -1.98423   1.93717  -1.85955   1.75261  -1.61803   1.45794  -1.27485   1.07165  -0.85156   0.61803  -0.37476   0.12558  

