Group	C25h 
n	26

     	Irred     	Operation
   1 	 A'         	 E         
   2 	 A"         	 C25       
   3 	 E1'        	 C25^2     
   4 	 E1"        	 C25^3     
   5 	 E2'        	 C25^4     
   6 	 E2"        	 C5        
   7 	 E3'        	 C25^6     
   8 	 E3"        	 C25^7     
   9 	 E4'        	 C25^8     
  10 	 E4"        	 C25^9     
  11 	 E5'        	 C5^2      
  12 	 E5"        	 C25^11    
  13 	 E6'        	 C25^12    
  14 	 E6"        	 sh        
  15 	 E7'        	 S25       
  16 	 E7"        	 S25^3     
  17 	 E8'        	 S5        
  18 	 E8"        	 S25^7     
  19 	 E9'        	 S25^9     
  20 	 E9"        	 S25^11    
  21 	 E10'       	 S25^13    
  22 	 E10"       	 S5^3      
  23 	 E11'       	 S25^17    
  24 	 E11"       	 S25^19    
  25 	 E12'       	 S25^21    
  26 	 E12"       	 S25^23    

Table
         1         2         3         4         5         6         7         8         9         10        11        12        13        14        15        16        17        18        19        20        21        22        23        24        25        26     
   1   1.00000   1.00000   1.00000   1.00000   1.00000   1.00000   1.00000   1.00000   1.00000   1.00000   1.00000   1.00000   1.00000   1.00000   1.00000   1.00000   1.00000   1.00000   1.00000   1.00000   1.00000   1.00000   1.00000   1.00000   1.00000   1.00000  
   2   1.00000   1.00000   1.00000   1.00000   1.00000   1.00000   1.00000   1.00000   1.00000   1.00000   1.00000   1.00000   1.00000  -1.00000  -1.00000  -1.00000  -1.00000  -1.00000  -1.00000  -1.00000  -1.00000  -1.00000  -1.00000  -1.00000  -1.00000  -1.00000  
   3   2.00000   1.93717   1.75261   1.45794   1.07165   0.61803   0.12558  -0.37476  -0.85156  -1.27485  -1.61803  -1.85955  -1.98423   2.00000   1.93717   1.45794   0.61803  -0.37476  -1.27485  -1.85955  -1.98423  -1.61803  -0.85156   0.12558   1.07165   1.75261  
   4   2.00000   1.93717   1.75261   1.45794   1.07165   0.61803   0.12558  -0.37476  -0.85156  -1.27485  -1.61803  -1.85955  -1.98423  -2.00000  -1.93717  -1.45794  -0.61803   0.37476   1.27485   1.85955   1.98423   1.61803   0.85156  -0.12558  -1.07165  -1.75261  
   5   2.00000   1.75261   1.07165   0.12558  -0.85156  -1.61803  -1.98423  -1.85955  -1.27485  -0.37476   0.61803   1.45794   1.93717   2.00000   1.75261   0.12558  -1.61803  -1.85955  -0.37476   1.45794   1.93717   0.61803  -1.27485  -1.98423  -0.85156   1.07165  
   6   2.00000   1.75261   1.07165   0.12558  -0.85156  -1.61803  -1.98423  -1.85955  -1.27485  -0.37476   0.61803   1.45794   1.93717  -2.00000  -1.75261  -0.12558   1.61803   1.85955   0.37476  -1.45794  -1.93717  -0.61803   1.27485   1.98423   0.85156  -1.07165  
   7   2.00000   1.45794   0.12558  -1.27485  -1.98423  -1.61803  -0.37476   1.07165   1.93717   1.75261   0.61803  -0.85156  -1.85955   2.00000   1.45794  -1.27485  -1.61803   1.07165   1.75261  -0.85156  -1.85955   0.61803   1.93717  -0.37476  -1.98423   0.12558  
   8   2.00000   1.45794   0.12558  -1.27485  -1.98423  -1.61803  -0.37476   1.07165   1.93717   1.75261   0.61803  -0.85156  -1.85955  -2.00000  -1.45794   1.27485   1.61803  -1.07165  -1.75261   0.85156   1.85955  -0.61803  -1.93717   0.37476   1.98423  -0.12558  
   9   2.00000   1.07165  -0.85156  -1.98423  -1.27485   0.61803   1.93717   1.45794  -0.37476  -1.85955  -1.61803   0.12558   1.75261   2.00000   1.07165  -1.98423   0.61803   1.45794  -1.85955   0.12558   1.75261  -1.61803  -0.37476   1.93717  -1.27485  -0.85156  
  10   2.00000   1.07165  -0.85156  -1.98423  -1.27485   0.61803   1.93717   1.45794  -0.37476  -1.85955  -1.61803   0.12558   1.75261  -2.00000  -1.07165   1.98423  -0.61803  -1.45794   1.85955  -0.12558  -1.75261   1.61803   0.37476  -1.93717   1.27485   0.85156  
  11   2.00000   0.61803  -1.61803  -1.61803   0.61803   2.00000   0.61803  -1.61803  -1.61803   0.61803   2.00000   0.61803  -1.61803   2.00000   0.61803  -1.61803   2.00000  -1.61803   0.61803   0.61803  -1.61803   2.00000  -1.61803   0.61803   0.61803  -1.61803  
  12   2.00000   0.61803  -1.61803  -1.61803   0.61803   2.00000   0.61803  -1.61803  -1.61803   0.61803   2.00000   0.61803  -1.61803  -2.00000  -0.61803   1.61803  -2.00000   1.61803  -0.61803  -0.61803   1.61803  -2.00000   1.61803  -0.61803  -0.61803   1.61803  
  13   2.00000   0.12558  -1.98423  -0.37476   1.93717   0.61803  -1.85955  -0.85156   1.75261   1.07165  -1.61803  -1.27485   1.45794   2.00000   0.12558  -0.37476   0.61803  -0.85156   1.07165  -1.27485   1.45794  -1.61803   1.75261  -1.85955   1.93717  -1.98423  
  14   2.00000   0.12558  -1.98423  -0.37476   1.93717   0.61803  -1.85955  -0.85156   1.75261   1.07165  -1.61803  -1.27485   1.45794  -2.00000  -0.12558   0.37476  -0.61803   0.85156  -1.07165   1.27485  -1.45794   1.61803  -1.75261   1.85955  -1.93717   1.98423  
  15   2.00000  -0.37476  -1.85955   1.07165   1.45794  -1.61803  -0.85156   1.93717   0.12558  -1.98423   0.61803   1.75261  -1.27485   2.00000  -0.37476   1.07165  -1.61803   1.93717  -1.98423   1.75261  -1.27485   0.61803   0.12558  -0.85156   1.45794  -1.85955  
  16   2.00000  -0.37476  -1.85955   1.07165   1.45794  -1.61803  -0.85156   1.93717   0.12558  -1.98423   0.61803   1.75261  -1.27485  -2.00000   0.37476  -1.07165   1.61803  -1.93717   1.98423  -1.75261   1.27485  -0.61803  -0.12558   0.85156  -1.45794   1.85955  
  17   2.00000  -0.85156  -1.27485   1.93717  -0.37476  -1.61803   1.75261   0.12558  -1.85955   1.45794   0.61803  -1.98423   1.07165   2.00000  -0.85156   1.93717  -1.61803   0.12558   1.45794  -1.98423   1.07165   0.61803  -1.85955   1.75261  -0.37476  -1.27485  
  18   2.00000  -0.85156  -1.27485   1.93717  -0.37476  -1.61803   1.75261   0.12558  -1.85955   1.45794   0.61803  -1.98423   1.07165  -2.00000   0.85156  -1.93717   1.61803  -0.12558  -1.45794   1.98423  -1.07165  -0.61803   1.85955  -1.75261   0.37476   1.27485  
  19   2.00000  -1.27485  -0.37476   1.75261  -1.85955   0.61803   1.07165  -1.98423   1.45794   0.12558  -1.61803   1.93717  -0.85156   2.00000  -1.27485   1.75261   0.61803  -1.98423   0.12558   1.93717  -0.85156  -1.61803   1.45794   1.07165  -1.85955  -0.37476  
  20   2.00000  -1.27485  -0.37476   1.75261  -1.85955   0.61803   1.07165  -1.98423   1.45794   0.12558  -1.61803   1.93717  -0.85156  -2.00000   1.27485  -1.75261  -0.61803   1.98423  -0.12558  -1.93717   0.85156   1.61803  -1.45794  -1.07165   1.85955   0.37476  
  21   2.00000  -1.61803   0.61803   0.61803  -1.61803   2.00000  -1.61803   0.61803   0.61803  -1.61803   2.00000  -1.61803   0.61803   2.00000  -1.61803   0.61803   2.00000   0.61803  -1.61803  -1.61803   0.61803   2.00000   0.61803  -1.61803  -1.61803   0.61803  
  22   2.00000  -1.61803   0.61803   0.61803  -1.61803   2.00000  -1.61803   0.61803   0.61803  -1.61803   2.00000  -1.61803   0.61803  -2.00000   1.61803  -0.61803  -2.00000  -0.61803   1.61803   1.61803  -0.61803  -2.00000  -0.61803   1.61803   1.61803  -0.61803  
  23   2.00000  -1.85955   1.45794  -0.85156   0.12558   0.61803  -1.27485   1.75261  -1.98423   1.93717  -1.61803   1.07165  -0.37476   2.00000  -1.85955  -0.85156   0.61803   1.75261   1.93717   1.07165  -0.37476  -1.61803  -1.98423  -1.27485   0.12558   1.45794  
  24   2.00000  -1.85955   1.45794  -0.85156   0.12558   0.61803  -1.27485   1.75261  -1.98423   1.93717  -1.61803   1.07165  -0.37476  -2.00000   1.85955   0.85156  -0.61803  -1.75261  -1.93717  -1.07165   0.37476   1.61803   1.98423   1.27485  -0.12558  -1.45794  
  25   2.00000  -1.98423   1.93717  -1.85955   1.75261  -1.61803   1.45794  -1.27485   1.07165  -0.85156   0.61803  -0.37476   0.12558   2.00000  -1.98423  -1.85955  -1.61803  -1.27485  -0.85156  -0.37476   0.12558   0.61803   1.07165   1.45794   1.75261   1.93717  
  26   2.00000  -1.98423   1.93717  -1.85955   1.75261  -1.61803   1.45794  -1.27485   1.07165  -0.85156   0.61803  -0.37476   0.12558  -2.00000   1.98423   1.85955   1.61803   1.27485   0.85156   0.37476  -0.12558  -0.61803  -1.07165  -1.45794  -1.75261  -1.93717  

