Group	C26 
n	14

     	Irred     	Operation
   1 	 A          	 E         
   2 	 B          	 C26       
   3 	 E1         	 C13       
   4 	 E2         	 C26^3     
   5 	 E3         	 C13^2     
   6 	 E4         	 C26^5     
   7 	 E5         	 C13^3     
   8 	 E6         	 C26^7     
   9 	 E7         	 C13^4     
  10 	 E8         	 C26^9     
  11 	 E9         	 C13^5     
  12 	 E10        	 C26^11    
  13 	 E11        	 C13^6     
  14 	 E12        	 C2        

Table
         1         2         3         4         5         6         7         8         9         10        11        12        13        14     
   1   1.00000   1.00000   1.00000   1.00000   1.00000   1.00000   1.00000   1.00000   1.00000   1.00000   1.00000   1.00000   1.00000   1.00000  
   2   1.00000  -1.00000   1.00000  -1.00000   1.00000  -1.00000   1.00000  -1.00000   1.00000  -1.00000   1.00000  -1.00000   1.00000  -1.00000  
   3   2.00000   1.94188   1.77091   1.49702   1.13613   0.70921   0.24107  -0.24107  -0.70921  -1.13613  -1.49702  -1.77091  -1.94188  -2.00000  
   4   2.00000   1.77091   1.13613   0.24107  -0.70921  -1.49702  -1.94188  -1.94188  -1.49702  -0.70921   0.24107   1.13613   1.77091   2.00000  
   5   2.00000   1.49702   0.24107  -1.13613  -1.94188  -1.77091  -0.70921   0.70921   1.77091   1.94188   1.13613  -0.24107  -1.49702  -2.00000  
   6   2.00000   1.13613  -0.70921  -1.94188  -1.49702   0.24107   1.77091   1.77091   0.24107  -1.49702  -1.94188  -0.70921   1.13613   2.00000  
   7   2.00000   0.70921  -1.49702  -1.77091   0.24107   1.94188   1.13613  -1.13613  -1.94188  -0.24107   1.77091   1.49702  -0.70921  -2.00000  
   8   2.00000   0.24107  -1.94188  -0.70921   1.77091   1.13613  -1.49702  -1.49702   1.13613   1.77091  -0.70921  -1.94188   0.24107   2.00000  
   9   2.00000  -0.24107  -1.94188   0.70921   1.77091  -1.13613  -1.49702   1.49702   1.13613  -1.77091  -0.70921   1.94188   0.24107  -2.00000  
  10   2.00000  -0.70921  -1.49702   1.77091   0.24107  -1.94188   1.13613   1.13613  -1.94188   0.24107   1.77091  -1.49702  -0.70921   2.00000  
  11   2.00000  -1.13613  -0.70921   1.94188  -1.49702  -0.24107   1.77091  -1.77091   0.24107   1.49702  -1.94188   0.70921   1.13613  -2.00000  
  12   2.00000  -1.49702   0.24107   1.13613  -1.94188   1.77091  -0.70921  -0.70921   1.77091  -1.94188   1.13613   0.24107  -1.49702   2.00000  
  13   2.00000  -1.77091   1.13613  -0.24107  -0.70921   1.49702  -1.94188   1.94188  -1.49702   0.70921   0.24107  -1.13613   1.77091  -2.00000  
  14   2.00000  -1.94188   1.77091  -1.49702   1.13613  -0.70921   0.24107   0.24107  -0.70921   1.13613  -1.49702   1.77091  -1.94188   2.00000  

