Group	C26h 
n	28

     	Irred     	Operation
   1 	 Ag         	 E         
   2 	 Bg         	 C26       
   3 	 E1g        	 C13       
   4 	 E2g        	 C26^3     
   5 	 E3g        	 C13^2     
   6 	 E4g        	 C26^5     
   7 	 E5g        	 C13^3     
   8 	 E6g        	 C26^7     
   9 	 E7g        	 C13^4     
  10 	 E8g        	 C26^9     
  11 	 E9g        	 C13^5     
  12 	 E10g       	 C26^11    
  13 	 E11g       	 C13^6     
  14 	 E12g       	 C2        
  15 	 Au         	 i         
  16 	 Bu         	 S26       
  17 	 E1u        	 S13       
  18 	 E2u        	 S26^3     
  19 	 E3u        	 S13^2     
  20 	 E4u        	 S26^5     
  21 	 E5u        	 S13^3     
  22 	 E6u        	 S26^7     
  23 	 E7u        	 S13^4     
  24 	 E8u        	 S26^9     
  25 	 E9u        	 S13^5     
  26 	 E10u       	 S26^11    
  27 	 E11u       	 S13^6     
  28 	 E12u       	 sh        

Table
         1         2         3         4         5         6         7         8         9         10        11        12        13        14        15        16        17        18        19        20        21        22        23        24        25        26        27        28     
   1   1.00000   1.00000   1.00000   1.00000   1.00000   1.00000   1.00000   1.00000   1.00000   1.00000   1.00000   1.00000   1.00000   1.00000   1.00000   1.00000   1.00000   1.00000   1.00000   1.00000   1.00000   1.00000   1.00000   1.00000   1.00000   1.00000   1.00000   1.00000  
   2   1.00000  -1.00000   1.00000  -1.00000   1.00000  -1.00000   1.00000  -1.00000   1.00000  -1.00000   1.00000  -1.00000   1.00000  -1.00000   1.00000   1.00000  -1.00000   1.00000  -1.00000   1.00000  -1.00000   1.00000  -1.00000   1.00000  -1.00000   1.00000  -1.00000  -1.00000  
   3   2.00000   1.94188   1.77091   1.49702   1.13613   0.70921   0.24107  -0.24107  -0.70921  -1.13613  -1.49702  -1.77091  -1.94188  -2.00000   2.00000  -1.94188  -1.77091  -1.49702  -1.13613  -0.70921  -0.24107   0.24107   0.70921   1.13613   1.49702   1.77091   1.94188  -2.00000  
   4   2.00000   1.77091   1.13613   0.24107  -0.70921  -1.49702  -1.94188  -1.94188  -1.49702  -0.70921   0.24107   1.13613   1.77091   2.00000   2.00000   1.77091   1.13613   0.24107  -0.70921  -1.49702  -1.94188  -1.94188  -1.49702  -0.70921   0.24107   1.13613   1.77091   2.00000  
   5   2.00000   1.49702   0.24107  -1.13613  -1.94188  -1.77091  -0.70921   0.70921   1.77091   1.94188   1.13613  -0.24107  -1.49702  -2.00000   2.00000  -1.49702  -0.24107   1.13613   1.94188   1.77091   0.70921  -0.70921  -1.77091  -1.94188  -1.13613   0.24107   1.49702  -2.00000  
   6   2.00000   1.13613  -0.70921  -1.94188  -1.49702   0.24107   1.77091   1.77091   0.24107  -1.49702  -1.94188  -0.70921   1.13613   2.00000   2.00000   1.13613  -0.70921  -1.94188  -1.49702   0.24107   1.77091   1.77091   0.24107  -1.49702  -1.94188  -0.70921   1.13613   2.00000  
   7   2.00000   0.70921  -1.49702  -1.77091   0.24107   1.94188   1.13613  -1.13613  -1.94188  -0.24107   1.77091   1.49702  -0.70921  -2.00000   2.00000  -0.70921   1.49702   1.77091  -0.24107  -1.94188  -1.13613   1.13613   1.94188   0.24107  -1.77091  -1.49702   0.70921  -2.00000  
   8   2.00000   0.24107  -1.94188  -0.70921   1.77091   1.13613  -1.49702  -1.49702   1.13613   1.77091  -0.70921  -1.94188   0.24107   2.00000   2.00000   0.24107  -1.94188  -0.70921   1.77091   1.13613  -1.49702  -1.49702   1.13613   1.77091  -0.70921  -1.94188   0.24107   2.00000  
   9   2.00000  -0.24107  -1.94188   0.70921   1.77091  -1.13613  -1.49702   1.49702   1.13613  -1.77091  -0.70921   1.94188   0.24107  -2.00000   2.00000   0.24107   1.94188  -0.70921  -1.77091   1.13613   1.49702  -1.49702  -1.13613   1.77091   0.70921  -1.94188  -0.24107  -2.00000  
  10   2.00000  -0.70921  -1.49702   1.77091   0.24107  -1.94188   1.13613   1.13613  -1.94188   0.24107   1.77091  -1.49702  -0.70921   2.00000   2.00000  -0.70921  -1.49702   1.77091   0.24107  -1.94188   1.13613   1.13613  -1.94188   0.24107   1.77091  -1.49702  -0.70921   2.00000  
  11   2.00000  -1.13613  -0.70921   1.94188  -1.49702  -0.24107   1.77091  -1.77091   0.24107   1.49702  -1.94188   0.70921   1.13613  -2.00000   2.00000   1.13613   0.70921  -1.94188   1.49702   0.24107  -1.77091   1.77091  -0.24107  -1.49702   1.94188  -0.70921  -1.13613  -2.00000  
  12   2.00000  -1.49702   0.24107   1.13613  -1.94188   1.77091  -0.70921  -0.70921   1.77091  -1.94188   1.13613   0.24107  -1.49702   2.00000   2.00000  -1.49702   0.24107   1.13613  -1.94188   1.77091  -0.70921  -0.70921   1.77091  -1.94188   1.13613   0.24107  -1.49702   2.00000  
  13   2.00000  -1.77091   1.13613  -0.24107  -0.70921   1.49702  -1.94188   1.94188  -1.49702   0.70921   0.24107  -1.13613   1.77091  -2.00000   2.00000   1.77091  -1.13613   0.24107   0.70921  -1.49702   1.94188  -1.94188   1.49702  -0.70921  -0.24107   1.13613  -1.77091  -2.00000  
  14   2.00000  -1.94188   1.77091  -1.49702   1.13613  -0.70921   0.24107   0.24107  -0.70921   1.13613  -1.49702   1.77091  -1.94188   2.00000   2.00000  -1.94188   1.77091  -1.49702   1.13613  -0.70921   0.24107   0.24107  -0.70921   1.13613  -1.49702   1.77091  -1.94188   2.00000  
  15   1.00000   1.00000   1.00000   1.00000   1.00000   1.00000   1.00000   1.00000   1.00000   1.00000   1.00000   1.00000   1.00000   1.00000  -1.00000  -1.00000  -1.00000  -1.00000  -1.00000  -1.00000  -1.00000  -1.00000  -1.00000  -1.00000  -1.00000  -1.00000  -1.00000  -1.00000  
  16   1.00000  -1.00000   1.00000  -1.00000   1.00000  -1.00000   1.00000  -1.00000   1.00000  -1.00000   1.00000  -1.00000   1.00000  -1.00000  -1.00000  -1.00000   1.00000  -1.00000   1.00000  -1.00000   1.00000  -1.00000   1.00000  -1.00000   1.00000  -1.00000   1.00000   1.00000  
  17   2.00000   1.94188   1.77091   1.49702   1.13613   0.70921   0.24107  -0.24107  -0.70921  -1.13613  -1.49702  -1.77091  -1.94188  -2.00000  -2.00000   1.94188   1.77091   1.49702   1.13613   0.70921   0.24107  -0.24107  -0.70921  -1.13613  -1.49702  -1.77091  -1.94188   2.00000  
  18   2.00000   1.77091   1.13613   0.24107  -0.70921  -1.49702  -1.94188  -1.94188  -1.49702  -0.70921   0.24107   1.13613   1.77091   2.00000  -2.00000  -1.77091  -1.13613  -0.24107   0.70921   1.49702   1.94188   1.94188   1.49702   0.70921  -0.24107  -1.13613  -1.77091  -2.00000  
  19   2.00000   1.49702   0.24107  -1.13613  -1.94188  -1.77091  -0.70921   0.70921   1.77091   1.94188   1.13613  -0.24107  -1.49702  -2.00000  -2.00000   1.49702   0.24107  -1.13613  -1.94188  -1.77091  -0.70921   0.70921   1.77091   1.94188   1.13613  -0.24107  -1.49702   2.00000  
  20   2.00000   1.13613  -0.70921  -1.94188  -1.49702   0.24107   1.77091   1.77091   0.24107  -1.49702  -1.94188  -0.70921   1.13613   2.00000  -2.00000  -1.13613   0.70921   1.94188   1.49702  -0.24107  -1.77091  -1.77091  -0.24107   1.49702   1.94188   0.70921  -1.13613  -2.00000  
  21   2.00000   0.70921  -1.49702  -1.77091   0.24107   1.94188   1.13613  -1.13613  -1.94188  -0.24107   1.77091   1.49702  -0.70921  -2.00000  -2.00000   0.70921  -1.49702  -1.77091   0.24107   1.94188   1.13613  -1.13613  -1.94188  -0.24107   1.77091   1.49702  -0.70921   2.00000  
  22   2.00000   0.24107  -1.94188  -0.70921   1.77091   1.13613  -1.49702  -1.49702   1.13613   1.77091  -0.70921  -1.94188   0.24107   2.00000  -2.00000  -0.24107   1.94188   0.70921  -1.77091  -1.13613   1.49702   1.49702  -1.13613  -1.77091   0.70921   1.94188  -0.24107  -2.00000  
  23   2.00000  -0.24107  -1.94188   0.70921   1.77091  -1.13613  -1.49702   1.49702   1.13613  -1.77091  -0.70921   1.94188   0.24107  -2.00000  -2.00000  -0.24107  -1.94188   0.70921   1.77091  -1.13613  -1.49702   1.49702   1.13613  -1.77091  -0.70921   1.94188   0.24107   2.00000  
  24   2.00000  -0.70921  -1.49702   1.77091   0.24107  -1.94188   1.13613   1.13613  -1.94188   0.24107   1.77091  -1.49702  -0.70921   2.00000  -2.00000   0.70921   1.49702  -1.77091  -0.24107   1.94188  -1.13613  -1.13613   1.94188  -0.24107  -1.77091   1.49702   0.70921  -2.00000  
  25   2.00000  -1.13613  -0.70921   1.94188  -1.49702  -0.24107   1.77091  -1.77091   0.24107   1.49702  -1.94188   0.70921   1.13613  -2.00000  -2.00000  -1.13613  -0.70921   1.94188  -1.49702  -0.24107   1.77091  -1.77091   0.24107   1.49702  -1.94188   0.70921   1.13613   2.00000  
  26   2.00000  -1.49702   0.24107   1.13613  -1.94188   1.77091  -0.70921  -0.70921   1.77091  -1.94188   1.13613   0.24107  -1.49702   2.00000  -2.00000   1.49702  -0.24107  -1.13613   1.94188  -1.77091   0.70921   0.70921  -1.77091   1.94188  -1.13613  -0.24107   1.49702  -2.00000  
  27   2.00000  -1.77091   1.13613  -0.24107  -0.70921   1.49702  -1.94188   1.94188  -1.49702   0.70921   0.24107  -1.13613   1.77091  -2.00000  -2.00000  -1.77091   1.13613  -0.24107  -0.70921   1.49702  -1.94188   1.94188  -1.49702   0.70921   0.24107  -1.13613   1.77091   2.00000  
  28   2.00000  -1.94188   1.77091  -1.49702   1.13613  -0.70921   0.24107   0.24107  -0.70921   1.13613  -1.49702   1.77091  -1.94188   2.00000  -2.00000   1.94188  -1.77091   1.49702  -1.13613   0.70921  -0.24107  -0.24107   0.70921  -1.13613   1.49702  -1.77091   1.94188  -2.00000  

