Group	C27 
n	14

     	Irred     	Operation
   1 	 A          	 E         
   2 	 E1         	 C27       
   3 	 E2         	 C27^2     
   4 	 E3         	 C9        
   5 	 E4         	 C27^4     
   6 	 E5         	 C27^5     
   7 	 E6         	 C9^2      
   8 	 E7         	 C27^7     
   9 	 E8         	 C27^8     
  10 	 E9         	 C3        
  11 	 E10        	 C27^10    
  12 	 E11        	 C27^11    
  13 	 E12        	 C9^4      
  14 	 E13        	 C27^13    

Table
         1         2         3         4         5         6         7         8         9         10        11        12        13        14     
   1   1.00000   1.00000   1.00000   1.00000   1.00000   1.00000   1.00000   1.00000   1.00000   1.00000   1.00000   1.00000   1.00000   1.00000  
   2   2.00000   1.94609   1.78727   1.53209   1.19432   0.79216   0.34730  -0.11629  -0.57361  -1.00000  -1.37248  -1.67098  -1.87939  -1.98648  
   3   2.00000   1.78727   1.19432   0.34730  -0.57361  -1.37248  -1.87939  -1.98648  -1.67098  -1.00000  -0.11629   0.79216   1.53209   1.94609  
   4   2.00000   1.53209   0.34730  -1.00000  -1.87939  -1.87939  -1.00000   0.34730   1.53209   2.00000   1.53209   0.34730  -1.00000  -1.87939  
   5   2.00000   1.19432  -0.57361  -1.87939  -1.67098  -0.11629   1.53209   1.94609   0.79216  -1.00000  -1.98648  -1.37248   0.34730   1.78727  
   6   2.00000   0.79216  -1.37248  -1.87939  -0.11629   1.78727   1.53209  -0.57361  -1.98648  -1.00000   1.19432   1.94609   0.34730  -1.67098  
   7   2.00000   0.34730  -1.87939  -1.00000   1.53209   1.53209  -1.00000  -1.87939   0.34730   2.00000   0.34730  -1.87939  -1.00000   1.53209  
   8   2.00000  -0.11629  -1.98648   0.34730   1.94609  -0.57361  -1.87939   0.79216   1.78727  -1.00000  -1.67098   1.19432   1.53209  -1.37248  
   9   2.00000  -0.57361  -1.67098   1.53209   0.79216  -1.98648   0.34730   1.78727  -1.37248  -1.00000   1.94609  -0.11629  -1.87939   1.19432  
  10   2.00000  -1.00000  -1.00000   2.00000  -1.00000  -1.00000   2.00000  -1.00000  -1.00000   2.00000  -1.00000  -1.00000   2.00000  -1.00000  
  11   2.00000  -1.37248  -0.11629   1.53209  -1.98648   1.19432   0.34730  -1.67098   1.94609  -1.00000  -0.57361   1.78727  -1.87939   0.79216  
  12   2.00000  -1.67098   0.79216   0.34730  -1.37248   1.94609  -1.87939   1.19432  -0.11629  -1.00000   1.78727  -1.98648   1.53209  -0.57361  
  13   2.00000  -1.87939   1.53209  -1.00000   0.34730   0.34730  -1.00000   1.53209  -1.87939   2.00000  -1.87939   1.53209  -1.00000   0.34730  
  14   2.00000  -1.98648   1.94609  -1.87939   1.78727  -1.67098   1.53209  -1.37248   1.19432  -1.00000   0.79216  -0.57361   0.34730  -0.11629  

