Group	C29h 
n	30

     	Irred     	Operation
   1 	 A'         	 E         
   2 	 A"         	 C29       
   3 	 E1'        	 C29^2     
   4 	 E1"        	 C29^3     
   5 	 E2'        	 C29^4     
   6 	 E2"        	 C29^5     
   7 	 E3'        	 C29^6     
   8 	 E3"        	 C29^7     
   9 	 E4'        	 C29^8     
  10 	 E4"        	 C29^9     
  11 	 E5'        	 C29^10    
  12 	 E5"        	 C29^11    
  13 	 E6'        	 C29^12    
  14 	 E6"        	 C29^13    
  15 	 E7'        	 C29^14    
  16 	 E7"        	 sh        
  17 	 E8'        	 S29       
  18 	 E8"        	 S29^3     
  19 	 E9'        	 S29^5     
  20 	 E9"        	 S29^7     
  21 	 E10'       	 S29^9     
  22 	 E10"       	 S29^11    
  23 	 E11'       	 S29^13    
  24 	 E11"       	 S29^15    
  25 	 E12'       	 S29^17    
  26 	 E12"       	 S29^19    
  27 	 E13'       	 S29^21    
  28 	 E13"       	 S29^23    
  29 	 E14'       	 S29^25    
  30 	 E14"       	 S29^27    

Table
         1         2         3         4         5         6         7         8         9         10        11        12        13        14        15        16        17        18        19        20        21        22        23        24        25        26        27        28        29        30     
   1   1.00000   1.00000   1.00000   1.00000   1.00000   1.00000   1.00000   1.00000   1.00000   1.00000   1.00000   1.00000   1.00000   1.00000   1.00000   1.00000   1.00000   1.00000   1.00000   1.00000   1.00000   1.00000   1.00000   1.00000   1.00000   1.00000   1.00000   1.00000   1.00000   1.00000  
   2   1.00000   1.00000   1.00000   1.00000   1.00000   1.00000   1.00000   1.00000   1.00000   1.00000   1.00000   1.00000   1.00000   1.00000   1.00000  -1.00000  -1.00000  -1.00000  -1.00000  -1.00000  -1.00000  -1.00000  -1.00000  -1.00000  -1.00000  -1.00000  -1.00000  -1.00000  -1.00000  -1.00000  
   3   2.00000   1.95324   1.81515   1.59219   1.29477   0.93682   0.53506   0.10828  -0.32356  -0.74028  -1.12237  -1.45199  -1.71371  -1.89531  -1.98828   2.00000   1.95324   1.59219   0.93682   0.10828  -0.74028  -1.45199  -1.89531  -1.98828  -1.71371  -1.12237  -0.32356   0.53506   1.29477   1.81515  
   4   2.00000   1.95324   1.81515   1.59219   1.29477   0.93682   0.53506   0.10828  -0.32356  -0.74028  -1.12237  -1.45199  -1.71371  -1.89531  -1.98828  -2.00000  -1.95324  -1.59219  -0.93682  -0.10828   0.74028   1.45199   1.89531   1.98828   1.71371   1.12237   0.32356  -0.53506  -1.29477  -1.81515  
   5   2.00000   1.81515   1.29477   0.53506  -0.32356  -1.12237  -1.71371  -1.98828  -1.89531  -1.45199  -0.74028   0.10828   0.93682   1.59219   1.95324   2.00000   1.81515   0.53506  -1.12237  -1.98828  -1.45199   0.10828   1.59219   1.95324   0.93682  -0.74028  -1.89531  -1.71371  -0.32356   1.29477  
   6   2.00000   1.81515   1.29477   0.53506  -0.32356  -1.12237  -1.71371  -1.98828  -1.89531  -1.45199  -0.74028   0.10828   0.93682   1.59219   1.95324  -2.00000  -1.81515  -0.53506   1.12237   1.98828   1.45199  -0.10828  -1.59219  -1.95324  -0.93682   0.74028   1.89531   1.71371   0.32356  -1.29477  
   7   2.00000   1.59219   0.53506  -0.74028  -1.71371  -1.98828  -1.45199  -0.32356   0.93682   1.81515   1.95324   1.29477   0.10828  -1.12237  -1.89531   2.00000   1.59219  -0.74028  -1.98828  -0.32356   1.81515   1.29477  -1.12237  -1.89531   0.10828   1.95324   0.93682  -1.45199  -1.71371   0.53506  
   8   2.00000   1.59219   0.53506  -0.74028  -1.71371  -1.98828  -1.45199  -0.32356   0.93682   1.81515   1.95324   1.29477   0.10828  -1.12237  -1.89531  -2.00000  -1.59219   0.74028   1.98828   0.32356  -1.81515  -1.29477   1.12237   1.89531  -0.10828  -1.95324  -0.93682   1.45199   1.71371  -0.53506  
   9   2.00000   1.29477  -0.32356  -1.71371  -1.89531  -0.74028   0.93682   1.95324   1.59219   0.10828  -1.45199  -1.98828  -1.12237   0.53506   1.81515   2.00000   1.29477  -1.71371  -0.74028   1.95324   0.10828  -1.98828   0.53506   1.81515  -1.12237  -1.45199   1.59219   0.93682  -1.89531  -0.32356  
  10   2.00000   1.29477  -0.32356  -1.71371  -1.89531  -0.74028   0.93682   1.95324   1.59219   0.10828  -1.45199  -1.98828  -1.12237   0.53506   1.81515  -2.00000  -1.29477   1.71371   0.74028  -1.95324  -0.10828   1.98828  -0.53506  -1.81515   1.12237   1.45199  -1.59219  -0.93682   1.89531   0.32356  
  11   2.00000   0.93682  -1.12237  -1.98828  -0.74028   1.29477   1.95324   0.53506  -1.45199  -1.89531  -0.32356   1.59219   1.81515   0.10828  -1.71371   2.00000   0.93682  -1.98828   1.29477   0.53506  -1.89531   1.59219   0.10828  -1.71371   1.81515  -0.32356  -1.45199   1.95324  -0.74028  -1.12237  
  12   2.00000   0.93682  -1.12237  -1.98828  -0.74028   1.29477   1.95324   0.53506  -1.45199  -1.89531  -0.32356   1.59219   1.81515   0.10828  -1.71371  -2.00000  -0.93682   1.98828  -1.29477  -0.53506   1.89531  -1.59219  -0.10828   1.71371  -1.81515   0.32356   1.45199  -1.95324   0.74028   1.12237  
  13   2.00000   0.53506  -1.71371  -1.45199   0.93682   1.95324   0.10828  -1.89531  -1.12237   1.29477   1.81515  -0.32356  -1.98828  -0.74028   1.59219   2.00000   0.53506  -1.45199   1.95324  -1.89531   1.29477  -0.32356  -0.74028   1.59219  -1.98828   1.81515  -1.12237   0.10828   0.93682  -1.71371  
  14   2.00000   0.53506  -1.71371  -1.45199   0.93682   1.95324   0.10828  -1.89531  -1.12237   1.29477   1.81515  -0.32356  -1.98828  -0.74028   1.59219  -2.00000  -0.53506   1.45199  -1.95324   1.89531  -1.29477   0.32356   0.74028  -1.59219   1.98828  -1.81515   1.12237  -0.10828  -0.93682   1.71371  
  15   2.00000   0.10828  -1.98828  -0.32356   1.95324   0.53506  -1.89531  -0.74028   1.81515   0.93682  -1.71371  -1.12237   1.59219   1.29477  -1.45199   2.00000   0.10828  -0.32356   0.53506  -0.74028   0.93682  -1.12237   1.29477  -1.45199   1.59219  -1.71371   1.81515  -1.89531   1.95324  -1.98828  
  16   2.00000   0.10828  -1.98828  -0.32356   1.95324   0.53506  -1.89531  -0.74028   1.81515   0.93682  -1.71371  -1.12237   1.59219   1.29477  -1.45199  -2.00000  -0.10828   0.32356  -0.53506   0.74028  -0.93682   1.12237  -1.29477   1.45199  -1.59219   1.71371  -1.81515   1.89531  -1.95324   1.98828  
  17   2.00000  -0.32356  -1.89531   0.93682   1.59219  -1.45199  -1.12237   1.81515   0.53506  -1.98828   0.10828   1.95324  -0.74028  -1.71371   1.29477   2.00000  -0.32356   0.93682  -1.45199   1.81515  -1.98828   1.95324  -1.71371   1.29477  -0.74028   0.10828   0.53506  -1.12237   1.59219  -1.89531  
  18   2.00000  -0.32356  -1.89531   0.93682   1.59219  -1.45199  -1.12237   1.81515   0.53506  -1.98828   0.10828   1.95324  -0.74028  -1.71371   1.29477  -2.00000   0.32356  -0.93682   1.45199  -1.81515   1.98828  -1.95324   1.71371  -1.29477   0.74028  -0.10828  -0.53506   1.12237  -1.59219   1.89531  
  19   2.00000  -0.74028  -1.45199   1.81515   0.10828  -1.89531   1.29477   0.93682  -1.98828   0.53506   1.59219  -1.71371  -0.32356   1.95324  -1.12237   2.00000  -0.74028   1.81515  -1.89531   0.93682   0.53506  -1.71371   1.95324  -1.12237  -0.32356   1.59219  -1.98828   1.29477   0.10828  -1.45199  
  20   2.00000  -0.74028  -1.45199   1.81515   0.10828  -1.89531   1.29477   0.93682  -1.98828   0.53506   1.59219  -1.71371  -0.32356   1.95324  -1.12237  -2.00000   0.74028  -1.81515   1.89531  -0.93682  -0.53506   1.71371  -1.95324   1.12237   0.32356  -1.59219   1.98828  -1.29477  -0.10828   1.45199  
  21   2.00000  -1.12237  -0.74028   1.95324  -1.45199  -0.32356   1.81515  -1.71371   0.10828   1.59219  -1.89531   0.53506   1.29477  -1.98828   0.93682   2.00000  -1.12237   1.95324  -0.32356  -1.71371   1.59219   0.53506  -1.98828   0.93682   1.29477  -1.89531   0.10828   1.81515  -1.45199  -0.74028  
  22   2.00000  -1.12237  -0.74028   1.95324  -1.45199  -0.32356   1.81515  -1.71371   0.10828   1.59219  -1.89531   0.53506   1.29477  -1.98828   0.93682  -2.00000   1.12237  -1.95324   0.32356   1.71371  -1.59219  -0.53506   1.98828  -0.93682  -1.29477   1.89531  -0.10828  -1.81515   1.45199   0.74028  
  23   2.00000  -1.45199   0.10828   1.29477  -1.98828   1.59219  -0.32356  -1.12237   1.95324  -1.71371   0.53506   0.93682  -1.89531   1.81515  -0.74028   2.00000  -1.45199   1.29477   1.59219  -1.12237  -1.71371   0.93682   1.81515  -0.74028  -1.89531   0.53506   1.95324  -0.32356  -1.98828   0.10828  
  24   2.00000  -1.45199   0.10828   1.29477  -1.98828   1.59219  -0.32356  -1.12237   1.95324  -1.71371   0.53506   0.93682  -1.89531   1.81515  -0.74028  -2.00000   1.45199  -1.29477  -1.59219   1.12237   1.71371  -0.93682  -1.81515   0.74028   1.89531  -0.53506  -1.95324   0.32356   1.98828  -0.10828  
  25   2.00000  -1.71371   0.93682   0.10828  -1.12237   1.81515  -1.98828   1.59219  -0.74028  -0.32356   1.29477  -1.89531   1.95324  -1.45199   0.53506   2.00000  -1.71371   0.10828   1.81515   1.59219  -0.32356  -1.89531  -1.45199   0.53506   1.95324   1.29477  -0.74028  -1.98828  -1.12237   0.93682  
  26   2.00000  -1.71371   0.93682   0.10828  -1.12237   1.81515  -1.98828   1.59219  -0.74028  -0.32356   1.29477  -1.89531   1.95324  -1.45199   0.53506  -2.00000   1.71371  -0.10828  -1.81515  -1.59219   0.32356   1.89531   1.45199  -0.53506  -1.95324  -1.29477   0.74028   1.98828   1.12237  -0.93682  
  27   2.00000  -1.89531   1.59219  -1.12237   0.53506   0.10828  -0.74028   1.29477  -1.71371   1.95324  -1.98828   1.81515  -1.45199   0.93682  -0.32356   2.00000  -1.89531  -1.12237   0.10828   1.29477   1.95324   1.81515   0.93682  -0.32356  -1.45199  -1.98828  -1.71371  -0.74028   0.53506   1.59219  
  28   2.00000  -1.89531   1.59219  -1.12237   0.53506   0.10828  -0.74028   1.29477  -1.71371   1.95324  -1.98828   1.81515  -1.45199   0.93682  -0.32356  -2.00000   1.89531   1.12237  -0.10828  -1.29477  -1.95324  -1.81515  -0.93682   0.32356   1.45199   1.98828   1.71371   0.74028  -0.53506  -1.59219  
  29   2.00000  -1.98828   1.95324  -1.89531   1.81515  -1.71371   1.59219  -1.45199   1.29477  -1.12237   0.93682  -0.74028   0.53506  -0.32356   0.10828   2.00000  -1.98828  -1.89531  -1.71371  -1.45199  -1.12237  -0.74028  -0.32356   0.10828   0.53506   0.93682   1.29477   1.59219   1.81515   1.95324  
  30   2.00000  -1.98828   1.95324  -1.89531   1.81515  -1.71371   1.59219  -1.45199   1.29477  -1.12237   0.93682  -0.74028   0.53506  -0.32356   0.10828  -2.00000   1.98828   1.89531   1.71371   1.45199   1.12237   0.74028   0.32356  -0.10828  -0.53506  -0.93682  -1.29477  -1.59219  -1.81515  -1.95324  

