Group	C30 
n	16

     	Irred     	Operation
   1 	 A          	 E         
   2 	 B          	 C30       
   3 	 E1         	 C15       
   4 	 E2         	 C10       
   5 	 E3         	 C15^2     
   6 	 E4         	 C6        
   7 	 E5         	 C5        
   8 	 E6         	 C30^7     
   9 	 E7         	 C15^4     
  10 	 E8         	 C10^3     
  11 	 E9         	 C3        
  12 	 E10        	 C30^11    
  13 	 E11        	 C5^2      
  14 	 E12        	 C30^13    
  15 	 E13        	 C15^7     
  16 	 E14        	 C2        

Table
         1         2         3         4         5         6         7         8         9         10        11        12        13        14        15        16     
   1   1.00000   1.00000   1.00000   1.00000   1.00000   1.00000   1.00000   1.00000   1.00000   1.00000   1.00000   1.00000   1.00000   1.00000   1.00000   1.00000  
   2   1.00000  -1.00000   1.00000  -1.00000   1.00000  -1.00000   1.00000  -1.00000   1.00000  -1.00000   1.00000  -1.00000   1.00000  -1.00000   1.00000  -1.00000  
   3   2.00000   1.95630   1.82709   1.61803   1.33826   1.00000   0.61803   0.20906  -0.20906  -0.61803  -1.00000  -1.33826  -1.61803  -1.82709  -1.95630  -2.00000  
   4   2.00000   1.82709   1.33826   0.61803  -0.20906  -1.00000  -1.61803  -1.95630  -1.95630  -1.61803  -1.00000  -0.20906   0.61803   1.33826   1.82709   2.00000  
   5   2.00000   1.61803   0.61803  -0.61803  -1.61803  -2.00000  -1.61803  -0.61803   0.61803   1.61803   2.00000   1.61803   0.61803  -0.61803  -1.61803  -2.00000  
   6   2.00000   1.33826  -0.20906  -1.61803  -1.95630  -1.00000   0.61803   1.82709   1.82709   0.61803  -1.00000  -1.95630  -1.61803  -0.20906   1.33826   2.00000  
   7   2.00000   1.00000  -1.00000  -2.00000  -1.00000   1.00000   2.00000   1.00000  -1.00000  -2.00000  -1.00000   1.00000   2.00000   1.00000  -1.00000  -2.00000  
   8   2.00000   0.61803  -1.61803  -1.61803   0.61803   2.00000   0.61803  -1.61803  -1.61803   0.61803   2.00000   0.61803  -1.61803  -1.61803   0.61803   2.00000  
   9   2.00000   0.20906  -1.95630  -0.61803   1.82709   1.00000  -1.61803  -1.33826   1.33826   1.61803  -1.00000  -1.82709   0.61803   1.95630  -0.20906  -2.00000  
  10   2.00000  -0.20906  -1.95630   0.61803   1.82709  -1.00000  -1.61803   1.33826   1.33826  -1.61803  -1.00000   1.82709   0.61803  -1.95630  -0.20906   2.00000  
  11   2.00000  -0.61803  -1.61803   1.61803   0.61803  -2.00000   0.61803   1.61803  -1.61803  -0.61803   2.00000  -0.61803  -1.61803   1.61803   0.61803  -2.00000  
  12   2.00000  -1.00000  -1.00000   2.00000  -1.00000  -1.00000   2.00000  -1.00000  -1.00000   2.00000  -1.00000  -1.00000   2.00000  -1.00000  -1.00000   2.00000  
  13   2.00000  -1.33826  -0.20906   1.61803  -1.95630   1.00000   0.61803  -1.82709   1.82709  -0.61803  -1.00000   1.95630  -1.61803   0.20906   1.33826  -2.00000  
  14   2.00000  -1.61803   0.61803   0.61803  -1.61803   2.00000  -1.61803   0.61803   0.61803  -1.61803   2.00000  -1.61803   0.61803   0.61803  -1.61803   2.00000  
  15   2.00000  -1.82709   1.33826  -0.61803  -0.20906   1.00000  -1.61803   1.95630  -1.95630   1.61803  -1.00000   0.20906   0.61803  -1.33826   1.82709  -2.00000  
  16   2.00000  -1.95630   1.82709  -1.61803   1.33826  -1.00000   0.61803  -0.20906  -0.20906   0.61803  -1.00000   1.33826  -1.61803   1.82709  -1.95630   2.00000  

