Group	C32h 
n	34

     	Irred     	Operation
   1 	 Ag         	 E         
   2 	 Bg         	 C32       
   3 	 E1g        	 C16       
   4 	 E2g        	 C32^3     
   5 	 E3g        	 C8        
   6 	 E4g        	 C32^5     
   7 	 E5g        	 C16^3     
   8 	 E6g        	 C32^7     
   9 	 E7g        	 C4        
  10 	 E8g        	 C32^9     
  11 	 E9g        	 C16^5     
  12 	 E10g       	 C32^11    
  13 	 E11g       	 C8^3      
  14 	 E12g       	 C32^13    
  15 	 E13g       	 C16^7     
  16 	 E14g       	 C32^15    
  17 	 E15g       	 C2        
  18 	 Au         	 i         
  19 	 Bu         	 S32       
  20 	 E1u        	 S16       
  21 	 E2u        	 S32^3     
  22 	 E3u        	 S8        
  23 	 E4u        	 S32^5     
  24 	 E5u        	 S16^3     
  25 	 E6u        	 S32^7     
  26 	 E7u        	 S4        
  27 	 E8u        	 S32^9     
  28 	 E9u        	 S16^5     
  29 	 E10u       	 S32^11    
  30 	 E11u       	 S8^3      
  31 	 E12u       	 S32^13    
  32 	 E13u       	 S16^7     
  33 	 E14u       	 S32^15    
  34 	 E15u       	 sh        

Table
         1         2         3         4         5         6         7         8         9         10        11        12        13        14        15        16        17        18        19        20        21        22        23        24        25        26        27        28        29        30        31        32        33        34     
   1   1.00000   1.00000   1.00000   1.00000   1.00000   1.00000   1.00000   1.00000   1.00000   1.00000   1.00000   1.00000   1.00000   1.00000   1.00000   1.00000   1.00000   1.00000   1.00000   1.00000   1.00000   1.00000   1.00000   1.00000   1.00000   1.00000   1.00000   1.00000   1.00000   1.00000   1.00000   1.00000   1.00000   1.00000  
   2   1.00000  -1.00000   1.00000  -1.00000   1.00000  -1.00000   1.00000  -1.00000   1.00000  -1.00000   1.00000  -1.00000   1.00000  -1.00000   1.00000  -1.00000   1.00000   1.00000  -1.00000   1.00000  -1.00000   1.00000  -1.00000   1.00000  -1.00000   1.00000  -1.00000   1.00000  -1.00000   1.00000  -1.00000   1.00000  -1.00000   1.00000  
   3   2.00000   1.96157   1.84776   1.66294   1.41421   1.11114   0.76537   0.39018   0.00000  -0.39018  -0.76537  -1.11114  -1.41421  -1.66294  -1.84776  -1.96157  -2.00000   2.00000  -1.96157  -1.84776  -1.66294  -1.41421  -1.11114  -0.76537  -0.39018   0.00000   0.39018   0.76537   1.11114   1.41421   1.66294   1.84776   1.96157  -2.00000  
   4   2.00000   1.84776   1.41421   0.76537   0.00000  -0.76537  -1.41421  -1.84776  -2.00000  -1.84776  -1.41421  -0.76537   0.00000   0.76537   1.41421   1.84776   2.00000   2.00000   1.84776   1.41421   0.76537   0.00000  -0.76537  -1.41421  -1.84776  -2.00000  -1.84776  -1.41421  -0.76537   0.00000   0.76537   1.41421   1.84776   2.00000  
   5   2.00000   1.66294   0.76537  -0.39018  -1.41421  -1.96157  -1.84776  -1.11114   0.00000   1.11114   1.84776   1.96157   1.41421   0.39018  -0.76537  -1.66294  -2.00000   2.00000  -1.66294  -0.76537   0.39018   1.41421   1.96157   1.84776   1.11114   0.00000  -1.11114  -1.84776  -1.96157  -1.41421  -0.39018   0.76537   1.66294  -2.00000  
   6   2.00000   1.41421   0.00000  -1.41421  -2.00000  -1.41421   0.00000   1.41421   2.00000   1.41421   0.00000  -1.41421  -2.00000  -1.41421   0.00000   1.41421   2.00000   2.00000   1.41421   0.00000  -1.41421  -2.00000  -1.41421   0.00000   1.41421   2.00000   1.41421   0.00000  -1.41421  -2.00000  -1.41421   0.00000   1.41421   2.00000  
   7   2.00000   1.11114  -0.76537  -1.96157  -1.41421   0.39018   1.84776   1.66294   0.00000  -1.66294  -1.84776  -0.39018   1.41421   1.96157   0.76537  -1.11114  -2.00000   2.00000  -1.11114   0.76537   1.96157   1.41421  -0.39018  -1.84776  -1.66294   0.00000   1.66294   1.84776   0.39018  -1.41421  -1.96157  -0.76537   1.11114  -2.00000  
   8   2.00000   0.76537  -1.41421  -1.84776   0.00000   1.84776   1.41421  -0.76537  -2.00000  -0.76537   1.41421   1.84776   0.00000  -1.84776  -1.41421   0.76537   2.00000   2.00000   0.76537  -1.41421  -1.84776   0.00000   1.84776   1.41421  -0.76537  -2.00000  -0.76537   1.41421   1.84776   0.00000  -1.84776  -1.41421   0.76537   2.00000  
   9   2.00000   0.39018  -1.84776  -1.11114   1.41421   1.66294  -0.76537  -1.96157   0.00000   1.96157   0.76537  -1.66294  -1.41421   1.11114   1.84776  -0.39018  -2.00000   2.00000  -0.39018   1.84776   1.11114  -1.41421  -1.66294   0.76537   1.96157   0.00000  -1.96157  -0.76537   1.66294   1.41421  -1.11114  -1.84776   0.39018  -2.00000  
  10   2.00000   0.00000  -2.00000   0.00000   2.00000   0.00000  -2.00000   0.00000   2.00000   0.00000  -2.00000   0.00000   2.00000   0.00000  -2.00000   0.00000   2.00000   2.00000   0.00000  -2.00000   0.00000   2.00000   0.00000  -2.00000   0.00000   2.00000   0.00000  -2.00000   0.00000   2.00000   0.00000  -2.00000   0.00000   2.00000  
  11   2.00000  -0.39018  -1.84776   1.11114   1.41421  -1.66294  -0.76537   1.96157   0.00000  -1.96157   0.76537   1.66294  -1.41421  -1.11114   1.84776   0.39018  -2.00000   2.00000   0.39018   1.84776  -1.11114  -1.41421   1.66294   0.76537  -1.96157   0.00000   1.96157  -0.76537  -1.66294   1.41421   1.11114  -1.84776  -0.39018  -2.00000  
  12   2.00000  -0.76537  -1.41421   1.84776   0.00000  -1.84776   1.41421   0.76537  -2.00000   0.76537   1.41421  -1.84776   0.00000   1.84776  -1.41421  -0.76537   2.00000   2.00000  -0.76537  -1.41421   1.84776   0.00000  -1.84776   1.41421   0.76537  -2.00000   0.76537   1.41421  -1.84776   0.00000   1.84776  -1.41421  -0.76537   2.00000  
  13   2.00000  -1.11114  -0.76537   1.96157  -1.41421  -0.39018   1.84776  -1.66294   0.00000   1.66294  -1.84776   0.39018   1.41421  -1.96157   0.76537   1.11114  -2.00000   2.00000   1.11114   0.76537  -1.96157   1.41421   0.39018  -1.84776   1.66294   0.00000  -1.66294   1.84776  -0.39018  -1.41421   1.96157  -0.76537  -1.11114  -2.00000  
  14   2.00000  -1.41421   0.00000   1.41421  -2.00000   1.41421   0.00000  -1.41421   2.00000  -1.41421   0.00000   1.41421  -2.00000   1.41421   0.00000  -1.41421   2.00000   2.00000  -1.41421   0.00000   1.41421  -2.00000   1.41421   0.00000  -1.41421   2.00000  -1.41421   0.00000   1.41421  -2.00000   1.41421   0.00000  -1.41421   2.00000  
  15   2.00000  -1.66294   0.76537   0.39018  -1.41421   1.96157  -1.84776   1.11114   0.00000  -1.11114   1.84776  -1.96157   1.41421  -0.39018  -0.76537   1.66294  -2.00000   2.00000   1.66294  -0.76537  -0.39018   1.41421  -1.96157   1.84776  -1.11114   0.00000   1.11114  -1.84776   1.96157  -1.41421   0.39018   0.76537  -1.66294  -2.00000  
  16   2.00000  -1.84776   1.41421  -0.76537   0.00000   0.76537  -1.41421   1.84776  -2.00000   1.84776  -1.41421   0.76537   0.00000  -0.76537   1.41421  -1.84776   2.00000   2.00000  -1.84776   1.41421  -0.76537   0.00000   0.76537  -1.41421   1.84776  -2.00000   1.84776  -1.41421   0.76537   0.00000  -0.76537   1.41421  -1.84776   2.00000  
  17   2.00000  -1.96157   1.84776  -1.66294   1.41421  -1.11114   0.76537  -0.39018   0.00000   0.39018  -0.76537   1.11114  -1.41421   1.66294  -1.84776   1.96157  -2.00000   2.00000   1.96157  -1.84776   1.66294  -1.41421   1.11114  -0.76537   0.39018   0.00000  -0.39018   0.76537  -1.11114   1.41421  -1.66294   1.84776  -1.96157  -2.00000  
  18   1.00000   1.00000   1.00000   1.00000   1.00000   1.00000   1.00000   1.00000   1.00000   1.00000   1.00000   1.00000   1.00000   1.00000   1.00000   1.00000   1.00000  -1.00000  -1.00000  -1.00000  -1.00000  -1.00000  -1.00000  -1.00000  -1.00000  -1.00000  -1.00000  -1.00000  -1.00000  -1.00000  -1.00000  -1.00000  -1.00000  -1.00000  
  19   1.00000  -1.00000   1.00000  -1.00000   1.00000  -1.00000   1.00000  -1.00000   1.00000  -1.00000   1.00000  -1.00000   1.00000  -1.00000   1.00000  -1.00000   1.00000  -1.00000   1.00000  -1.00000   1.00000  -1.00000   1.00000  -1.00000   1.00000  -1.00000   1.00000  -1.00000   1.00000  -1.00000   1.00000  -1.00000   1.00000  -1.00000  
  20   2.00000   1.96157   1.84776   1.66294   1.41421   1.11114   0.76537   0.39018   0.00000  -0.39018  -0.76537  -1.11114  -1.41421  -1.66294  -1.84776  -1.96157  -2.00000  -2.00000   1.96157   1.84776   1.66294   1.41421   1.11114   0.76537   0.39018   0.00000  -0.39018  -0.76537  -1.11114  -1.41421  -1.66294  -1.84776  -1.96157   2.00000  
  21   2.00000   1.84776   1.41421   0.76537   0.00000  -0.76537  -1.41421  -1.84776  -2.00000  -1.84776  -1.41421  -0.76537   0.00000   0.76537   1.41421   1.84776   2.00000  -2.00000  -1.84776  -1.41421  -0.76537   0.00000   0.76537   1.41421   1.84776   2.00000   1.84776   1.41421   0.76537   0.00000  -0.76537  -1.41421  -1.84776  -2.00000  
  22   2.00000   1.66294   0.76537  -0.39018  -1.41421  -1.96157  -1.84776  -1.11114   0.00000   1.11114   1.84776   1.96157   1.41421   0.39018  -0.76537  -1.66294  -2.00000  -2.00000   1.66294   0.76537  -0.39018  -1.41421  -1.96157  -1.84776  -1.11114   0.00000   1.11114   1.84776   1.96157   1.41421   0.39018  -0.76537  -1.66294   2.00000  
  23   2.00000   1.41421   0.00000  -1.41421  -2.00000  -1.41421   0.00000   1.41421   2.00000   1.41421   0.00000  -1.41421  -2.00000  -1.41421   0.00000   1.41421   2.00000  -2.00000  -1.41421   0.00000   1.41421   2.00000   1.41421   0.00000  -1.41421  -2.00000  -1.41421   0.00000   1.41421   2.00000   1.41421   0.00000  -1.41421  -2.00000  
  24   2.00000   1.11114  -0.76537  -1.96157  -1.41421   0.39018   1.84776   1.66294   0.00000  -1.66294  -1.84776  -0.39018   1.41421   1.96157   0.76537  -1.11114  -2.00000  -2.00000   1.11114  -0.76537  -1.96157  -1.41421   0.39018   1.84776   1.66294   0.00000  -1.66294  -1.84776  -0.39018   1.41421   1.96157   0.76537  -1.11114   2.00000  
  25   2.00000   0.76537  -1.41421  -1.84776   0.00000   1.84776   1.41421  -0.76537  -2.00000  -0.76537   1.41421   1.84776   0.00000  -1.84776  -1.41421   0.76537   2.00000  -2.00000  -0.76537   1.41421   1.84776   0.00000  -1.84776  -1.41421   0.76537   2.00000   0.76537  -1.41421  -1.84776   0.00000   1.84776   1.41421  -0.76537  -2.00000  
  26   2.00000   0.39018  -1.84776  -1.11114   1.41421   1.66294  -0.76537  -1.96157   0.00000   1.96157   0.76537  -1.66294  -1.41421   1.11114   1.84776  -0.39018  -2.00000  -2.00000   0.39018  -1.84776  -1.11114   1.41421   1.66294  -0.76537  -1.96157   0.00000   1.96157   0.76537  -1.66294  -1.41421   1.11114   1.84776  -0.39018   2.00000  
  27   2.00000   0.00000  -2.00000   0.00000   2.00000   0.00000  -2.00000   0.00000   2.00000   0.00000  -2.00000   0.00000   2.00000   0.00000  -2.00000   0.00000   2.00000  -2.00000   0.00000   2.00000   0.00000  -2.00000   0.00000   2.00000   0.00000  -2.00000   0.00000   2.00000   0.00000  -2.00000   0.00000   2.00000   0.00000  -2.00000  
  28   2.00000  -0.39018  -1.84776   1.11114   1.41421  -1.66294  -0.76537   1.96157   0.00000  -1.96157   0.76537   1.66294  -1.41421  -1.11114   1.84776   0.39018  -2.00000  -2.00000  -0.39018  -1.84776   1.11114   1.41421  -1.66294  -0.76537   1.96157   0.00000  -1.96157   0.76537   1.66294  -1.41421  -1.11114   1.84776   0.39018   2.00000  
  29   2.00000  -0.76537  -1.41421   1.84776   0.00000  -1.84776   1.41421   0.76537  -2.00000   0.76537   1.41421  -1.84776   0.00000   1.84776  -1.41421  -0.76537   2.00000  -2.00000   0.76537   1.41421  -1.84776   0.00000   1.84776  -1.41421  -0.76537   2.00000  -0.76537  -1.41421   1.84776   0.00000  -1.84776   1.41421   0.76537  -2.00000  
  30   2.00000  -1.11114  -0.76537   1.96157  -1.41421  -0.39018   1.84776  -1.66294   0.00000   1.66294  -1.84776   0.39018   1.41421  -1.96157   0.76537   1.11114  -2.00000  -2.00000  -1.11114  -0.76537   1.96157  -1.41421  -0.39018   1.84776  -1.66294   0.00000   1.66294  -1.84776   0.39018   1.41421  -1.96157   0.76537   1.11114   2.00000  
  31   2.00000  -1.41421   0.00000   1.41421  -2.00000   1.41421   0.00000  -1.41421   2.00000  -1.41421   0.00000   1.41421  -2.00000   1.41421   0.00000  -1.41421   2.00000  -2.00000   1.41421   0.00000  -1.41421   2.00000  -1.41421   0.00000   1.41421  -2.00000   1.41421   0.00000  -1.41421   2.00000  -1.41421   0.00000   1.41421  -2.00000  
  32   2.00000  -1.66294   0.76537   0.39018  -1.41421   1.96157  -1.84776   1.11114   0.00000  -1.11114   1.84776  -1.96157   1.41421  -0.39018  -0.76537   1.66294  -2.00000  -2.00000  -1.66294   0.76537   0.39018  -1.41421   1.96157  -1.84776   1.11114   0.00000  -1.11114   1.84776  -1.96157   1.41421  -0.39018  -0.76537   1.66294   2.00000  
  33   2.00000  -1.84776   1.41421  -0.76537   0.00000   0.76537  -1.41421   1.84776  -2.00000   1.84776  -1.41421   0.76537   0.00000  -0.76537   1.41421  -1.84776   2.00000  -2.00000   1.84776  -1.41421   0.76537   0.00000  -0.76537   1.41421  -1.84776   2.00000  -1.84776   1.41421  -0.76537   0.00000   0.76537  -1.41421   1.84776  -2.00000  
  34   2.00000  -1.96157   1.84776  -1.66294   1.41421  -1.11114   0.76537  -0.39018   0.00000   0.39018  -0.76537   1.11114  -1.41421   1.66294  -1.84776   1.96157  -2.00000  -2.00000  -1.96157   1.84776  -1.66294   1.41421  -1.11114   0.76537  -0.39018   0.00000   0.39018  -0.76537   1.11114  -1.41421   1.66294  -1.84776   1.96157   2.00000  

