Group	C4h 
n	6

     	Irred     	Operation
   1 	 Ag         	 E         
   2 	 Bg         	 C4        
   3 	 Eg         	 C2        
   4 	 Au         	 i         
   5 	 Bu         	 S4        
   6 	 Eu         	 sh        

Table
         1         2         3         4         5         6      
   1   1.00000   1.00000   1.00000   1.00000   1.00000   1.00000  
   2   1.00000  -1.00000   1.00000   1.00000  -1.00000   1.00000  
   3   2.00000   0.00000  -2.00000   2.00000   0.00000  -2.00000  
   4   1.00000   1.00000   1.00000  -1.00000  -1.00000  -1.00000  
   5   1.00000  -1.00000   1.00000  -1.00000   1.00000  -1.00000  
   6   2.00000   0.00000  -2.00000  -2.00000   0.00000   2.00000  

