Group	C5h 
n	6

     	Irred     	Operation
   1 	 A'         	 E         
   2 	 A"         	 C5        
   3 	 E1'        	 C5^2      
   4 	 E1"        	 sh        
   5 	 E2'        	 S5        
   6 	 E2"        	 S5^3      

Table
         1         2         3         4         5         6      
   1   1.00000   1.00000   1.00000   1.00000   1.00000   1.00000  
   2   1.00000   1.00000   1.00000  -1.00000  -1.00000  -1.00000  
   3   2.00000   0.61800  -1.61800   2.00000   0.61800  -1.61800  
   4   2.00000   0.61800  -1.61800  -2.00000  -0.61800   1.61800  
   5   2.00000  -1.61800   0.61800   2.00000  -1.61800   0.61800  
   6   2.00000  -1.61800   0.61800  -2.00000   1.61800  -0.61800  

