Group	C6h 
n	8

     	Irred     	Operation
   1 	 Ag         	 E         
   2 	 Bg         	 C6        
   3 	 E1g        	 C3        
   4 	 E2g        	 C2        
   5 	 Au         	 i         
   6 	 Bu         	 S6        
   7 	 E1u        	 S3        
   8 	 E2u        	 sh        

Table
         1         2         3         4         5         6         7         8      
   1   1.00000   1.00000   1.00000   1.00000   1.00000   1.00000   1.00000   1.00000  
   2   1.00000  -1.00000   1.00000  -1.00000   1.00000   1.00000  -1.00000  -1.00000  
   3   2.00000   1.00000  -1.00000  -2.00000   2.00000  -1.00000   1.00000  -2.00000  
   4   2.00000  -1.00000  -1.00000   2.00000   2.00000  -1.00000  -1.00000   2.00000  
   5   1.00000   1.00000   1.00000   1.00000  -1.00000  -1.00000  -1.00000  -1.00000  
   6   1.00000  -1.00000   1.00000  -1.00000  -1.00000  -1.00000   1.00000   1.00000  
   7   2.00000   1.00000  -1.00000  -2.00000  -2.00000   1.00000  -1.00000   2.00000  
   8   2.00000  -1.00000  -1.00000   2.00000  -2.00000   1.00000   1.00000  -2.00000  

