Group	C8 
n	5

     	Irred     	Operation
   1 	 A          	 E         
   2 	 B          	 C8        
   3 	 E1         	 C4        
   4 	 E2         	 C8^3      
   5 	 E3         	 C2        

Table
         1         2         3         4         5      
   1   1.00000   1.00000   1.00000   1.00000   1.00000  
   2   1.00000  -1.00000   1.00000  -1.00000   1.00000  
   3   2.00000   1.41420   0.00000  -1.41420  -2.00000  
   4   2.00000   0.00000  -2.00000   0.00000   2.00000  
   5   2.00000  -1.41420   0.00000   1.41420  -2.00000  

