Group	C8h 
n	10

     	Irred     	Operation
   1 	 Ag         	 E         
   2 	 Bg         	 C8        
   3 	 E1g        	 C4        
   4 	 E2g        	 C8^3      
   5 	 E3g        	 C2        
   6 	 Au         	 i         
   7 	 Bu         	 S8        
   8 	 E1u        	 S4        
   9 	 E2u        	 S8^3      
  10 	 E3u        	 sh        

Table
         1         2         3         4         5         6         7         8         9         10     
   1   1.00000   1.00000   1.00000   1.00000   1.00000   1.00000   1.00000   1.00000   1.00000   1.00000  
   2   1.00000  -1.00000   1.00000  -1.00000   1.00000   1.00000  -1.00000   1.00000  -1.00000   1.00000  
   3   2.00000   1.41420   0.00000  -1.41420  -2.00000   2.00000  -1.41420   0.00000   1.41420  -2.00000  
   4   2.00000   0.00000  -2.00000   0.00000   2.00000   2.00000   0.00000  -2.00000   0.00000   2.00000  
   5   2.00000  -1.41420   0.00000   1.41420  -2.00000   2.00000   1.41420   0.00000  -1.41420  -2.00000  
   6   1.00000   1.00000   1.00000   1.00000   1.00000  -1.00000  -1.00000  -1.00000  -1.00000  -1.00000  
   7   1.00000  -1.00000   1.00000  -1.00000   1.00000  -1.00000   1.00000  -1.00000   1.00000  -1.00000  
   8   2.00000   1.41420   0.00000  -1.41420  -2.00000  -2.00000   1.41420   0.00000  -1.41420   2.00000  
   9   2.00000   0.00000  -2.00000   0.00000   2.00000  -2.00000   0.00000   2.00000   0.00000  -2.00000  
  10   2.00000  -1.41420   0.00000   1.41420  -2.00000  -2.00000  -1.41420   0.00000   1.41420   2.00000  

