Group	C9 
n	5

     	Irred     	Operation
   1 	 A          	 E         
   2 	 E1         	 C9        
   3 	 E2         	 C9^2      
   4 	 E3         	 C3        
   5 	 E4         	 C9^4      

Table
         1         2         3         4         5      
   1   1.00000   1.00000   1.00000   1.00000   1.00000  
   2   2.00000   1.53200   0.34730  -1.00000  -1.87930  
   3   2.00000   0.34730  -1.87930  -1.00000   1.53200  
   4   2.00000  -1.00000  -1.00000   2.00000  -1.00000  
   5   2.00000  -1.87930   1.53200  -1.00000   0.34730  

