Group	C9h 
n	10

     	Irred     	Operation
   1 	 A'         	 E         
   2 	 A"         	 C9        
   3 	 E1'        	 C9^2      
   4 	 E1"        	 C3        
   5 	 E2'        	 C9^4      
   6 	 E2"        	 sh        
   7 	 E3'        	 S9        
   8 	 E3"        	 S3        
   9 	 E4'        	 S9^5      
  10 	 E4"        	 S9^7      

Table
         1         2         3         4         5         6         7         8         9         10     
   1   1.00000   1.00000   1.00000   1.00000   1.00000   1.00000   1.00000   1.00000   1.00000   1.00000  
   2   1.00000   1.00000   1.00000   1.00000   1.00000  -1.00000  -1.00000  -1.00000  -1.00000  -1.00000  
   3   2.00000   1.53200   0.34730  -1.00000  -1.87930   2.00000   1.53200  -1.00000  -1.87930   0.34730  
   4   2.00000   1.53200   0.34730  -1.00000  -1.87930  -2.00000  -1.53200   1.00000   1.87930  -0.34730  
   5   2.00000   0.34730  -1.87930  -1.00000   1.53200   2.00000   0.34730  -1.00000   1.53200  -1.87930  
   6   2.00000   0.34730  -1.87930  -1.00000   1.53200  -2.00000  -0.34730   1.00000  -1.53200   1.87930  
   7   2.00000  -1.00000  -1.00000   2.00000  -1.00000   2.00000  -1.00000   2.00000  -1.00000  -1.00000  
   8   2.00000  -1.00000  -1.00000   2.00000  -1.00000  -2.00000   1.00000  -2.00000   1.00000   1.00000  
   9   2.00000  -1.87930   1.53200  -1.00000   0.34730   2.00000  -1.87930  -1.00000   0.34730   1.53200  
  10   2.00000  -1.87930   1.53200  -1.00000   0.34730  -2.00000   1.87930   1.00000  -0.34730  -1.53200  

