Group	D10d 
n	13

     	Irred     	Operation
   1 	 A1         	 E         
   2 	 A2         	 S20       
   3 	 B1         	 C10       
   4 	 B2         	 S20^3     
   5 	 E1         	 C5        
   6 	 E2         	 S4        
   7 	 E3         	 C10^3     
   8 	 E4         	 S20^7     
   9 	 E5         	 C5^2      
  10 	 E6         	 S20^9     
  11 	 E7         	 C2        
  12 	 E8         	 C2'       
  13 	 E9         	 sd        

Table
         1         2         3         4         5         6         7         8         9         10        11        12        13     
   1   1.00000   1.00000   1.00000   1.00000   1.00000   1.00000   1.00000   1.00000   1.00000   1.00000   1.00000   1.00000   1.00000  
   2   1.00000   1.00000   1.00000   1.00000   1.00000   1.00000   1.00000   1.00000   1.00000   1.00000   1.00000  -1.00000  -1.00000  
   3   1.00000  -1.00000   1.00000  -1.00000   1.00000  -1.00000   1.00000  -1.00000   1.00000  -1.00000   1.00000   1.00000  -1.00000  
   4   1.00000  -1.00000   1.00000  -1.00000   1.00000  -1.00000   1.00000  -1.00000   1.00000  -1.00000   1.00000  -1.00000   1.00000  
   5   2.00000   1.90210   1.61800   1.17550   0.61800   0.00000  -0.61800  -1.17550  -1.61800  -1.90210  -2.00000   0.00000   0.00000  
   6   2.00000   1.61800   0.61800  -0.61800  -1.61800  -2.00000  -1.61800  -0.61800   0.61800   1.61800   2.00000   0.00000   0.00000  
   7   2.00000   1.17550  -0.61800  -1.90210  -1.61800   0.00000   1.61800   1.90210   0.61800  -1.17550  -2.00000   0.00000   0.00000  
   8   2.00000   0.61800  -1.61800  -1.61800   0.61800   2.00000   0.61800  -1.61800  -1.61800   0.61800   2.00000   0.00000   0.00000  
   9   2.00000   0.00000  -2.00000   0.00000   2.00000   0.00000  -2.00000   0.00000   2.00000   0.00000  -2.00000   0.00000   0.00000  
  10   2.00000  -0.61800  -1.61800   1.61800   0.61800  -2.00000   0.61800   1.61800  -1.61800  -0.61800   2.00000   0.00000   0.00000  
  11   2.00000  -1.17550  -0.61800   1.90210  -1.61800   0.00000   1.61800  -1.90210   0.61800   1.17550  -2.00000   0.00000   0.00000  
  12   2.00000  -1.61800   0.61800   0.61800  -1.61800   2.00000  -1.61800   0.61800   0.61800  -1.61800   2.00000   0.00000   0.00000  
  13   2.00000  -1.90210   1.61800  -1.17550   0.61800   0.00000  -0.61800   1.17550  -1.61800   1.90210  -2.00000   0.00000   0.00000  

