Group	D10h 
n	16

     	Irred     	Operation
   1 	 A1g        	 E         
   2 	 A2g        	 C10       
   3 	 B1g        	 C5        
   4 	 B2g        	 C10^3     
   5 	 E1g        	 C5^2      
   6 	 E2g        	 C2        
   7 	 E3g        	 C2'       
   8 	 E4g        	 C2"       
   9 	 A1u        	 i         
  10 	 A2u        	 S10       
  11 	 B1u        	 S5        
  12 	 B2u        	 S10^3     
  13 	 E1u        	 S5^2      
  14 	 E2u        	 sh        
  15 	 E3u        	 sv        
  16 	 E4u        	 sd        

Table
         1         2         3         4         5         6         7         8         9         10        11        12        13        14        15        16     
   1   1.00000   1.00000   1.00000   1.00000   1.00000   1.00000   1.00000   1.00000   1.00000   1.00000   1.00000   1.00000   1.00000   1.00000   1.00000   1.00000  
   2   1.00000   1.00000   1.00000   1.00000   1.00000   1.00000  -1.00000  -1.00000   1.00000   1.00000   1.00000   1.00000   1.00000   1.00000  -1.00000  -1.00000  
   3   1.00000  -1.00000   1.00000  -1.00000   1.00000  -1.00000   1.00000  -1.00000   1.00000   1.00000  -1.00000   1.00000  -1.00000  -1.00000  -1.00000   1.00000  
   4   1.00000  -1.00000   1.00000  -1.00000   1.00000  -1.00000  -1.00000   1.00000   1.00000   1.00000  -1.00000   1.00000  -1.00000  -1.00000   1.00000  -1.00000  
   5   2.00000   1.61800   0.61800  -0.61800  -1.61800  -2.00000   0.00000   0.00000   2.00000  -1.61800  -0.61800   0.61800   1.61800  -2.00000   0.00000   0.00000  
   6   2.00000   0.61800  -1.61800  -1.61800   0.61800   2.00000   0.00000   0.00000   2.00000   0.61800  -1.61800  -1.61800   0.61800   2.00000   0.00000   0.00000  
   7   2.00000  -0.61800  -1.61800   1.61800   0.61800  -2.00000   0.00000   0.00000   2.00000   0.61800   1.61800  -1.61800  -0.61800  -2.00000   0.00000   0.00000  
   8   2.00000  -1.61800   0.61800   0.61800  -1.61800   2.00000   0.00000   0.00000   2.00000  -1.61800   0.61800   0.61800  -1.61800   2.00000   0.00000   0.00000  
   9   1.00000   1.00000   1.00000   1.00000   1.00000   1.00000   1.00000   1.00000  -1.00000  -1.00000  -1.00000  -1.00000  -1.00000  -1.00000  -1.00000  -1.00000  
  10   1.00000   1.00000   1.00000   1.00000   1.00000   1.00000  -1.00000  -1.00000  -1.00000  -1.00000  -1.00000  -1.00000  -1.00000  -1.00000   1.00000   1.00000  
  11   1.00000  -1.00000   1.00000  -1.00000   1.00000  -1.00000   1.00000  -1.00000  -1.00000  -1.00000   1.00000  -1.00000   1.00000   1.00000   1.00000  -1.00000  
  12   1.00000  -1.00000   1.00000  -1.00000   1.00000  -1.00000  -1.00000   1.00000  -1.00000  -1.00000   1.00000  -1.00000   1.00000   1.00000  -1.00000   1.00000  
  13   2.00000   1.61800   0.61800  -0.61800  -1.61800  -2.00000   0.00000   0.00000  -2.00000   1.61800   0.61800  -0.61800  -1.61800   2.00000   0.00000   0.00000  
  14   2.00000   0.61800  -1.61800  -1.61800   0.61800   2.00000   0.00000   0.00000  -2.00000  -0.61800   1.61800   1.61800  -0.61800  -2.00000   0.00000   0.00000  
  15   2.00000  -0.61800  -1.61800   1.61800   0.61800  -2.00000   0.00000   0.00000  -2.00000  -0.61800  -1.61800   1.61800   0.61800   2.00000   0.00000   0.00000  
  16   2.00000  -1.61800   0.61800   0.61800  -1.61800   2.00000   0.00000   0.00000  -2.00000   1.61800  -0.61800  -0.61800   1.61800  -2.00000   0.00000   0.00000  

