Group	D11h 
n	14

     	Irred     	Operation
   1 	 A1'        	 E         
   2 	 A1"        	 C11       
   3 	 A2'        	 C11^2     
   4 	 A2"        	 C11^3     
   5 	 E1'        	 C11^4     
   6 	 E1"        	 C11^5     
   7 	 E2'        	 C2'       
   8 	 E2"        	 sh        
   9 	 E3'        	 S11       
  10 	 E3"        	 S11^3     
  11 	 E4'        	 S11^5     
  12 	 E4"        	 S11^7     
  13 	 E5'        	 S11^9     
  14 	 E5"        	 sv        

Table
         1         2         3         4         5         6         7         8         9         10        11        12        13        14     
   1   1.00000   1.00000   1.00000   1.00000   1.00000   1.00000   1.00000   1.00000   1.00000   1.00000   1.00000   1.00000   1.00000   1.00000  
   2   1.00000   1.00000   1.00000   1.00000   1.00000   1.00000   1.00000  -1.00000  -1.00000  -1.00000  -1.00000  -1.00000  -1.00000  -1.00000  
   3   1.00000   1.00000   1.00000   1.00000   1.00000   1.00000  -1.00000   1.00000   1.00000   1.00000   1.00000   1.00000   1.00000  -1.00000  
   4   1.00000   1.00000   1.00000   1.00000   1.00000   1.00000  -1.00000  -1.00000  -1.00000  -1.00000  -1.00000  -1.00000  -1.00000   1.00000  
   5   2.00000   1.68250   0.83080  -0.28460  -1.30970  -1.91890   0.00000   2.00000   1.68250  -0.28460  -1.91890  -1.30970   0.83080   0.00000  
   6   2.00000   1.68250   0.83080  -0.28460  -1.30970  -1.91890   0.00000  -2.00000  -1.68250   0.28460   1.91890   1.30970  -0.83080   0.00000  
   7   2.00000   0.83080  -1.30970  -1.91890  -0.28460   1.68250   0.00000   2.00000   0.83080  -1.91890   1.68250  -0.28460  -1.30970   0.00000  
   8   2.00000   0.83080  -1.30970  -1.91890  -0.28460   1.68250   0.00000  -2.00000  -0.83080   1.91890  -1.68250   0.28460   1.30970   0.00000  
   9   2.00000  -0.28460  -1.91890   0.83080   1.68250  -1.30970   0.00000   2.00000  -0.28460   0.83080  -1.30970   1.68250  -1.91890   0.00000  
  10   2.00000  -0.28460  -1.91890   0.83080   1.68250  -1.30970   0.00000  -2.00000   0.28460  -0.83080   1.30970  -1.68250   1.91890   0.00000  
  11   2.00000  -1.30970  -0.28460   1.68250  -1.91890   0.83080   0.00000   2.00000  -1.30970   1.68250   0.83080  -1.91890  -0.28460   0.00000  
  12   2.00000  -1.30970  -0.28460   1.68250  -1.91890   0.83080   0.00000  -2.00000   1.30970  -1.68250  -0.83080   1.91890   0.28460   0.00000  
  13   2.00000  -1.91890   1.68250  -1.30970   0.83080  -0.28460   0.00000   2.00000  -1.91890  -1.30970  -0.28460   0.83080   1.68250   0.00000  
  14   2.00000  -1.91890   1.68250  -1.30970   0.83080  -0.28460   0.00000  -2.00000   1.91890   1.30970   0.28460  -0.83080  -1.68250   0.00000  

