Group	D12h 
n	18

     	Irred     	Operation
   1 	 A1g        	 E         
   2 	 A2g        	 C12       
   3 	 B1g        	 C6        
   4 	 B2g        	 C4        
   5 	 E1g        	 C3        
   6 	 E2g        	 C12^5     
   7 	 E3g        	 C2        
   8 	 E4g        	 C2'       
   9 	 E5g        	 C2"       
  10 	 A1u        	 i         
  11 	 A2u        	 S12       
  12 	 B1u        	 S6        
  13 	 B2u        	 S4        
  14 	 E1u        	 S3        
  15 	 E2u        	 S12^5     
  16 	 E3u        	 sh        
  17 	 E4u        	 sv        
  18 	 E5u        	 sd        

Table
         1         2         3         4         5         6         7         8         9         10        11        12        13        14        15        16        17        18     
   1   1.00000   1.00000   1.00000   1.00000   1.00000   1.00000   1.00000   1.00000   1.00000   1.00000   1.00000   1.00000   1.00000   1.00000   1.00000   1.00000   1.00000   1.00000  
   2   1.00000   1.00000   1.00000   1.00000   1.00000   1.00000   1.00000  -1.00000  -1.00000   1.00000   1.00000   1.00000   1.00000   1.00000   1.00000   1.00000  -1.00000  -1.00000  
   3   1.00000  -1.00000   1.00000  -1.00000   1.00000  -1.00000   1.00000   1.00000  -1.00000   1.00000  -1.00000   1.00000  -1.00000   1.00000  -1.00000   1.00000   1.00000  -1.00000  
   4   1.00000  -1.00000   1.00000  -1.00000   1.00000  -1.00000   1.00000  -1.00000   1.00000   1.00000  -1.00000   1.00000  -1.00000   1.00000  -1.00000   1.00000  -1.00000   1.00000  
   5   2.00000   1.73200   1.00000   0.00000  -1.00000  -1.73200  -2.00000   0.00000   0.00000   2.00000  -1.73200  -1.00000   0.00000   1.00000   1.73200  -2.00000   0.00000   0.00000  
   6   2.00000   1.00000  -1.00000  -2.00000  -1.00000   1.00000   2.00000   0.00000   0.00000   2.00000   1.00000  -1.00000  -2.00000  -1.00000   1.00000   2.00000   0.00000   0.00000  
   7   2.00000   0.00000  -2.00000   0.00000   2.00000   0.00000  -2.00000   0.00000   0.00000   2.00000   0.00000   2.00000   0.00000  -2.00000   0.00000  -2.00000   0.00000   0.00000  
   8   2.00000  -1.00000  -1.00000   2.00000  -1.00000  -1.00000   2.00000   0.00000   0.00000   2.00000  -1.00000  -1.00000   2.00000  -1.00000  -1.00000   2.00000   0.00000   0.00000  
   9   2.00000  -1.73200   1.00000   0.00000  -1.00000   1.73200  -2.00000   0.00000   0.00000   2.00000   1.73200  -1.00000   0.00000   1.00000  -1.73200  -2.00000   0.00000   0.00000  
  10   1.00000   1.00000   1.00000   1.00000   1.00000   1.00000   1.00000   1.00000   1.00000  -1.00000  -1.00000  -1.00000  -1.00000  -1.00000  -1.00000  -1.00000  -1.00000  -1.00000  
  11   1.00000   1.00000   1.00000   1.00000   1.00000   1.00000   1.00000  -1.00000  -1.00000  -1.00000  -1.00000  -1.00000  -1.00000  -1.00000  -1.00000  -1.00000   1.00000   1.00000  
  12   1.00000  -1.00000   1.00000  -1.00000   1.00000  -1.00000   1.00000   1.00000  -1.00000  -1.00000   1.00000  -1.00000   1.00000  -1.00000   1.00000  -1.00000  -1.00000   1.00000  
  13   1.00000  -1.00000   1.00000  -1.00000   1.00000  -1.00000   1.00000  -1.00000   1.00000  -1.00000   1.00000  -1.00000   1.00000  -1.00000   1.00000  -1.00000   1.00000  -1.00000  
  14   2.00000   1.73200   1.00000   0.00000  -1.00000  -1.73200  -2.00000   0.00000   0.00000  -2.00000   1.73200   1.00000   0.00000  -1.00000  -1.73200   2.00000   0.00000   0.00000  
  15   2.00000   1.00000  -1.00000  -2.00000  -1.00000   1.00000   2.00000   0.00000   0.00000  -2.00000  -1.00000   1.00000   2.00000   1.00000  -1.00000  -2.00000   0.00000   0.00000  
  16   2.00000   0.00000  -2.00000   0.00000   2.00000   0.00000  -2.00000   0.00000   0.00000  -2.00000   0.00000  -2.00000   0.00000   2.00000   0.00000   2.00000   0.00000   0.00000  
  17   2.00000  -1.00000  -1.00000   2.00000  -1.00000  -1.00000   2.00000   0.00000   0.00000  -2.00000   1.00000   1.00000  -2.00000   1.00000   1.00000  -2.00000   0.00000   0.00000  
  18   2.00000  -1.73200   1.00000   0.00000  -1.00000   1.73200  -2.00000   0.00000   0.00000  -2.00000  -1.73200   1.00000   0.00000  -1.00000   1.73200   2.00000   0.00000   0.00000  

