Group	D13h 
n	16

     	Irred     	Operation
   1 	 A1'        	 E         
   2 	 A1"        	 C13       
   3 	 A2'        	 C13^2     
   4 	 A2"        	 C13^3     
   5 	 E1'        	 C13^4     
   6 	 E1"        	 C13^5     
   7 	 E2'        	 C13^6     
   8 	 E2"        	 C2'       
   9 	 E3'        	 sh        
  10 	 E3"        	 S13       
  11 	 E4'        	 S13^3     
  12 	 E4"        	 S13^5     
  13 	 E5'        	 S13^7     
  14 	 E5"        	 S13^9     
  15 	 E6'        	 S13^11    
  16 	 E6"        	 sv        

Table
         1         2         3         4         5         6         7         8         9         10        11        12        13        14        15        16     
   1   1.00000   1.00000   1.00000   1.00000   1.00000   1.00000   1.00000   1.00000   1.00000   1.00000   1.00000   1.00000   1.00000   1.00000   1.00000   1.00000  
   2   1.00000   1.00000   1.00000   1.00000   1.00000   1.00000   1.00000   1.00000  -1.00000  -1.00000  -1.00000  -1.00000  -1.00000  -1.00000  -1.00000  -1.00000  
   3   1.00000   1.00000   1.00000   1.00000   1.00000   1.00000   1.00000  -1.00000   1.00000   1.00000   1.00000   1.00000   1.00000   1.00000   1.00000  -1.00000  
   4   1.00000   1.00000   1.00000   1.00000   1.00000   1.00000   1.00000  -1.00000  -1.00000  -1.00000  -1.00000  -1.00000  -1.00000  -1.00000  -1.00000   1.00000  
   5   2.00000   1.77091   1.13613   0.24107  -0.70921  -1.49702  -1.94188   0.00000   2.00000   1.77091   0.24107  -1.49702  -1.94188  -0.70921   1.13613   0.00000  
   6   2.00000   1.77091   1.13613   0.24107  -0.70921  -1.49702  -1.94188   0.00000  -2.00000  -1.77091  -0.24107   1.49702   1.94188   0.70921  -1.13613   0.00000  
   7   2.00000   1.13613  -0.70921  -1.94188  -1.49702   0.24107   1.77091   0.00000   2.00000   1.13613  -1.94188   0.24107   1.77091  -1.49702  -0.70921   0.00000  
   8   2.00000   1.13613  -0.70921  -1.94188  -1.49702   0.24107   1.77091   0.00000  -2.00000  -1.13613   1.94188  -0.24107  -1.77091   1.49702   0.70921   0.00000  
   9   2.00000   0.24107  -1.94188  -0.70921   1.77091   1.13613  -1.49702   0.00000   2.00000   0.24107  -0.70921   1.13613  -1.49702   1.77091  -1.94188   0.00000  
  10   2.00000   0.24107  -1.94188  -0.70921   1.77091   1.13613  -1.49702   0.00000  -2.00000  -0.24107   0.70921  -1.13613   1.49702  -1.77091   1.94188   0.00000  
  11   2.00000  -0.70921  -1.49702   1.77091   0.24107  -1.94188   1.13613   0.00000   2.00000  -0.70921   1.77091  -1.94188   1.13613   0.24107  -1.49702   0.00000  
  12   2.00000  -0.70921  -1.49702   1.77091   0.24107  -1.94188   1.13613   0.00000  -2.00000   0.70921  -1.77091   1.94188  -1.13613  -0.24107   1.49702   0.00000  
  13   2.00000  -1.49702   0.24107   1.13613  -1.94188   1.77091  -0.70921   0.00000   2.00000  -1.49702   1.13613   1.77091  -0.70921  -1.94188   0.24107   0.00000  
  14   2.00000  -1.49702   0.24107   1.13613  -1.94188   1.77091  -0.70921   0.00000  -2.00000   1.49702  -1.13613  -1.77091   0.70921   1.94188  -0.24107   0.00000  
  15   2.00000  -1.94188   1.77091  -1.49702   1.13613  -0.70921   0.24107   0.00000   2.00000  -1.94188  -1.49702  -0.70921   0.24107   1.13613   1.77091   0.00000  
  16   2.00000  -1.94188   1.77091  -1.49702   1.13613  -0.70921   0.24107   0.00000  -2.00000   1.94188   1.49702   0.70921  -0.24107  -1.13613  -1.77091   0.00000  

