Group	D14 
n	10

     	Irred     	Operation
   1 	 A1         	 E         
   2 	 A2         	 C14       
   3 	 B1         	 C7        
   4 	 B2         	 C14^3     
   5 	 E1         	 C7^2      
   6 	 E2         	 C14^5     
   7 	 E3         	 C7^3      
   8 	 E4         	 C2        
   9 	 E5         	 C2'       
  10 	 E6         	 C2"       

Table
         1         2         3         4         5         6         7         8         9         10     
   1   1.00000   1.00000   1.00000   1.00000   1.00000   1.00000   1.00000   1.00000   1.00000   1.00000  
   2   1.00000   1.00000   1.00000   1.00000   1.00000   1.00000   1.00000   1.00000  -1.00000  -1.00000  
   3   1.00000  -1.00000   1.00000  -1.00000   1.00000  -1.00000   1.00000  -1.00000   1.00000  -1.00000  
   4   1.00000  -1.00000   1.00000  -1.00000   1.00000  -1.00000   1.00000  -1.00000  -1.00000   1.00000  
   5   2.00000   1.80190   1.24690   0.44500  -0.44500  -1.24690  -1.80190  -2.00000   0.00000   0.00000  
   6   2.00000   1.24690  -0.44500  -1.80190  -1.80190  -0.44500   1.24690   2.00000   0.00000   0.00000  
   7   2.00000   0.44500  -1.80190  -1.24690   1.24690   1.80190  -0.44500  -2.00000   0.00000   0.00000  
   8   2.00000  -0.44500  -1.80190   1.24690   1.24690  -1.80190  -0.44500   2.00000   0.00000   0.00000  
   9   2.00000  -1.24690  -0.44500   1.80190  -1.80190   0.44500   1.24690  -2.00000   0.00000   0.00000  
  10   2.00000  -1.80190   1.24690  -0.44500  -0.44500   1.24690  -1.80190   2.00000   0.00000   0.00000  

