Group	D14h 
n	20

     	Irred     	Operation
   1 	 A1g        	 E         
   2 	 A2g        	 C14       
   3 	 B1g        	 C7        
   4 	 B2g        	 C14^3     
   5 	 E1g        	 C7^2      
   6 	 E2g        	 C14^5     
   7 	 E3g        	 C7^3      
   8 	 E4g        	 C2        
   9 	 E5g        	 C2'       
  10 	 E6g        	 C2"       
  11 	 A1u        	 i         
  12 	 A2u        	 S14       
  13 	 B1u        	 S7        
  14 	 B2u        	 S14^3     
  15 	 E1u        	 S7^2      
  16 	 E2u        	 S14^5     
  17 	 E3u        	 S7^3      
  18 	 E4u        	 sh        
  19 	 E5u        	 sv        
  20 	 E6u        	 sd        

Table
         1         2         3         4         5         6         7         8         9         10        11        12        13        14        15        16        17        18        19        20     
   1   1.00000   1.00000   1.00000   1.00000   1.00000   1.00000   1.00000   1.00000   1.00000   1.00000   1.00000   1.00000   1.00000   1.00000   1.00000   1.00000   1.00000   1.00000   1.00000   1.00000  
   2   1.00000   1.00000   1.00000   1.00000   1.00000   1.00000   1.00000   1.00000  -1.00000  -1.00000   1.00000   1.00000   1.00000   1.00000   1.00000   1.00000   1.00000   1.00000  -1.00000  -1.00000  
   3   1.00000  -1.00000   1.00000  -1.00000   1.00000  -1.00000   1.00000  -1.00000   1.00000  -1.00000   1.00000   1.00000  -1.00000   1.00000  -1.00000   1.00000  -1.00000  -1.00000  -1.00000   1.00000  
   4   1.00000  -1.00000   1.00000  -1.00000   1.00000  -1.00000   1.00000  -1.00000  -1.00000   1.00000   1.00000   1.00000  -1.00000   1.00000  -1.00000   1.00000  -1.00000  -1.00000   1.00000  -1.00000  
   5   2.00000   1.80190   1.24690   0.44500  -0.44500  -1.24690  -1.80190  -2.00000   0.00000   0.00000   2.00000  -1.80190  -1.24690  -0.44500   0.44500   1.24690   1.80190  -2.00000   0.00000   0.00000  
   6   2.00000   1.24690  -0.44500  -1.80190  -1.80190  -0.44500   1.24690   2.00000   0.00000   0.00000   2.00000   1.24690  -0.44500  -1.80190  -1.80190  -0.44500   1.24690   2.00000   0.00000   0.00000  
   7   2.00000   0.44500  -1.80190  -1.24690   1.24690   1.80190  -0.44500  -2.00000   0.00000   0.00000   2.00000  -0.44500   1.80190   1.24690  -1.24690  -1.80190   0.44500  -2.00000   0.00000   0.00000  
   8   2.00000  -0.44500  -1.80190   1.24690   1.24690  -1.80190  -0.44500   2.00000   0.00000   0.00000   2.00000  -0.44500  -1.80190   1.24690   1.24690  -1.80190  -0.44500   2.00000   0.00000   0.00000  
   9   2.00000  -1.24690  -0.44500   1.80190  -1.80190   0.44500   1.24690  -2.00000   0.00000   0.00000   2.00000   1.24690   0.44500  -1.80190   1.80190  -0.44500  -1.24690  -2.00000   0.00000   0.00000  
  10   2.00000  -1.80190   1.24690  -0.44500  -0.44500   1.24690  -1.80190   2.00000   0.00000   0.00000   2.00000  -1.80190   1.24690  -0.44500  -0.44500   1.24690  -1.80190   2.00000   0.00000   0.00000  
  11   1.00000   1.00000   1.00000   1.00000   1.00000   1.00000   1.00000   1.00000   1.00000   1.00000  -1.00000  -1.00000  -1.00000  -1.00000  -1.00000  -1.00000  -1.00000  -1.00000  -1.00000  -1.00000  
  12   1.00000   1.00000   1.00000   1.00000   1.00000   1.00000   1.00000   1.00000  -1.00000  -1.00000  -1.00000  -1.00000  -1.00000  -1.00000  -1.00000  -1.00000  -1.00000  -1.00000   1.00000   1.00000  
  13   1.00000  -1.00000   1.00000  -1.00000   1.00000  -1.00000   1.00000  -1.00000   1.00000  -1.00000  -1.00000  -1.00000   1.00000  -1.00000   1.00000  -1.00000   1.00000   1.00000   1.00000  -1.00000  
  14   1.00000  -1.00000   1.00000  -1.00000   1.00000  -1.00000   1.00000  -1.00000  -1.00000   1.00000  -1.00000  -1.00000   1.00000  -1.00000   1.00000  -1.00000   1.00000   1.00000  -1.00000   1.00000  
  15   2.00000   1.80190   1.24690   0.44500  -0.44500  -1.24690  -1.80190  -2.00000   0.00000   0.00000  -2.00000   1.80190   1.24690   0.44500  -0.44500  -1.24690  -1.80190   2.00000   0.00000   0.00000  
  16   2.00000   1.24690  -0.44500  -1.80190  -1.80190  -0.44500   1.24690   2.00000   0.00000   0.00000  -2.00000  -1.24690   0.44500   1.80190   1.80190   0.44500  -1.24690  -2.00000   0.00000   0.00000  
  17   2.00000   0.44500  -1.80190  -1.24690   1.24690   1.80190  -0.44500  -2.00000   0.00000   0.00000  -2.00000   0.44500  -1.80190  -1.24690   1.24690   1.80190  -0.44500   2.00000   0.00000   0.00000  
  18   2.00000  -0.44500  -1.80190   1.24690   1.24690  -1.80190  -0.44500   2.00000   0.00000   0.00000  -2.00000   0.44500   1.80190  -1.24690  -1.24690   1.80190   0.44500  -2.00000   0.00000   0.00000  
  19   2.00000  -1.24690  -0.44500   1.80190  -1.80190   0.44500   1.24690  -2.00000   0.00000   0.00000  -2.00000  -1.24690  -0.44500   1.80190  -1.80190   0.44500   1.24690   2.00000   0.00000   0.00000  
  20   2.00000  -1.80190   1.24690  -0.44500  -0.44500   1.24690  -1.80190   2.00000   0.00000   0.00000  -2.00000   1.80190  -1.24690   0.44500   0.44500  -1.24690   1.80190  -2.00000   0.00000   0.00000  

