Group	D15 
n	9

     	Irred     	Operation
   1 	 A1         	 E         
   2 	 A2         	 C15       
   3 	 E1         	 C15^2     
   4 	 E2         	 C5        
   5 	 E3         	 C15^4     
   6 	 E4         	 C3        
   7 	 E5         	 C5^2      
   8 	 E6         	 C15^7     
   9 	 E7         	 C2'       

Table
         1         2         3         4         5         6         7         8         9      
   1   1.00000   1.00000   1.00000   1.00000   1.00000   1.00000   1.00000   1.00000   1.00000  
   2   1.00000   1.00000   1.00000   1.00000   1.00000   1.00000   1.00000   1.00000  -1.00000  
   3   2.00000   1.82700   1.33820   0.61800  -0.20900  -1.00000  -1.61800  -1.95630   0.00000  
   4   2.00000   1.33820  -0.20900  -1.61800  -1.95630  -1.00000   0.61800   1.82700   0.00000  
   5   2.00000   0.61800  -1.61800  -1.61800   0.61800   2.00000   0.61800  -1.61800   0.00000  
   6   2.00000  -0.20900  -1.95630   0.61800   1.82700  -1.00000  -1.61800   1.33820   0.00000  
   7   2.00000  -1.00000  -1.00000   2.00000  -1.00000  -1.00000   2.00000  -1.00000   0.00000  
   8   2.00000  -1.61800   0.61800   0.61800  -1.61800   2.00000  -1.61800   0.61800   0.00000  
   9   2.00000  -1.95630   1.82700  -1.61800   1.33820  -1.00000   0.61800  -0.20900   0.00000  

