Group	D15h 
n	18

     	Irred     	Operation
   1 	 A1'        	 E         
   2 	 A1"        	 C15       
   3 	 A2'        	 C15^2     
   4 	 A2"        	 C5        
   5 	 E1'        	 C15^4     
   6 	 E1"        	 C3        
   7 	 E2'        	 C5^2      
   8 	 E2"        	 C15^7     
   9 	 E3'        	 C2'       
  10 	 E3"        	 sh        
  11 	 E4'        	 S15       
  12 	 E4"        	 S5        
  13 	 E5'        	 S3        
  14 	 E5"        	 S15^7     
  15 	 E6'        	 S5^3      
  16 	 E6"        	 S15^11    
  17 	 E7'        	 S15^13    
  18 	 E7"        	 sv        

Table
         1         2         3         4         5         6         7         8         9         10        11        12        13        14        15        16        17        18     
   1   1.00000   1.00000   1.00000   1.00000   1.00000   1.00000   1.00000   1.00000   1.00000   1.00000   1.00000   1.00000   1.00000   1.00000   1.00000   1.00000   1.00000   1.00000  
   2   1.00000   1.00000   1.00000   1.00000   1.00000   1.00000   1.00000   1.00000   1.00000  -1.00000  -1.00000  -1.00000  -1.00000  -1.00000  -1.00000  -1.00000  -1.00000  -1.00000  
   3   1.00000   1.00000   1.00000   1.00000   1.00000   1.00000   1.00000   1.00000  -1.00000   1.00000   1.00000   1.00000   1.00000   1.00000   1.00000   1.00000   1.00000  -1.00000  
   4   1.00000   1.00000   1.00000   1.00000   1.00000   1.00000   1.00000   1.00000  -1.00000  -1.00000  -1.00000  -1.00000  -1.00000  -1.00000  -1.00000  -1.00000  -1.00000   1.00000  
   5   2.00000   1.82709   1.33826   0.61803  -0.20906  -1.00000  -1.61803  -1.95630   0.00000   2.00000   1.82709   0.61803  -1.00000  -1.95630  -1.61803  -0.20906   1.33826   0.00000  
   6   2.00000   1.82709   1.33826   0.61803  -0.20906  -1.00000  -1.61803  -1.95630   0.00000  -2.00000  -1.82709  -0.61803   1.00000   1.95630   1.61803   0.20906  -1.33826   0.00000  
   7   2.00000   1.33826  -0.20906  -1.61803  -1.95630  -1.00000   0.61803   1.82709   0.00000   2.00000   1.33826  -1.61803  -1.00000   1.82709   0.61803  -1.95630  -0.20906   0.00000  
   8   2.00000   1.33826  -0.20906  -1.61803  -1.95630  -1.00000   0.61803   1.82709   0.00000  -2.00000  -1.33826   1.61803   1.00000  -1.82709  -0.61803   1.95630   0.20906   0.00000  
   9   2.00000   0.61803  -1.61803  -1.61803   0.61803   2.00000   0.61803  -1.61803   0.00000   2.00000   0.61803  -1.61803   2.00000  -1.61803   0.61803   0.61803  -1.61803   0.00000  
  10   2.00000   0.61803  -1.61803  -1.61803   0.61803   2.00000   0.61803  -1.61803   0.00000  -2.00000  -0.61803   1.61803  -2.00000   1.61803  -0.61803  -0.61803   1.61803   0.00000  
  11   2.00000  -0.20906  -1.95630   0.61803   1.82709  -1.00000  -1.61803   1.33826   0.00000   2.00000  -0.20906   0.61803  -1.00000   1.33826  -1.61803   1.82709  -1.95630   0.00000  
  12   2.00000  -0.20906  -1.95630   0.61803   1.82709  -1.00000  -1.61803   1.33826   0.00000  -2.00000   0.20906  -0.61803   1.00000  -1.33826   1.61803  -1.82709   1.95630   0.00000  
  13   2.00000  -1.00000  -1.00000   2.00000  -1.00000  -1.00000   2.00000  -1.00000   0.00000   2.00000  -1.00000   2.00000  -1.00000  -1.00000   2.00000  -1.00000  -1.00000   0.00000  
  14   2.00000  -1.00000  -1.00000   2.00000  -1.00000  -1.00000   2.00000  -1.00000   0.00000  -2.00000   1.00000  -2.00000   1.00000   1.00000  -2.00000   1.00000   1.00000   0.00000  
  15   2.00000  -1.61803   0.61803   0.61803  -1.61803   2.00000  -1.61803   0.61803   0.00000   2.00000  -1.61803   0.61803   2.00000   0.61803  -1.61803  -1.61803   0.61803   0.00000  
  16   2.00000  -1.61803   0.61803   0.61803  -1.61803   2.00000  -1.61803   0.61803   0.00000  -2.00000   1.61803  -0.61803  -2.00000  -0.61803   1.61803   1.61803  -0.61803   0.00000  
  17   2.00000  -1.95630   1.82709  -1.61803   1.33826  -1.00000   0.61803  -0.20906   0.00000   2.00000  -1.95630  -1.61803  -1.00000  -0.20906   0.61803   1.33826   1.82709   0.00000  
  18   2.00000  -1.95630   1.82709  -1.61803   1.33826  -1.00000   0.61803  -0.20906   0.00000  -2.00000   1.95630   1.61803   1.00000   0.20906  -0.61803  -1.33826  -1.82709   0.00000  

