Group	D17h 
n	20

     	Irred     	Operation
   1 	 A1'        	 E         
   2 	 A1"        	 C17       
   3 	 A2'        	 C17^2     
   4 	 A2"        	 C17^3     
   5 	 E1'        	 C17^4     
   6 	 E1"        	 C17^5     
   7 	 E2'        	 C17^6     
   8 	 E2"        	 C17^7     
   9 	 E3'        	 C17^8     
  10 	 E3"        	 C2'       
  11 	 E4'        	 sh        
  12 	 E4"        	 S17       
  13 	 E5'        	 S17^3     
  14 	 E5"        	 S17^5     
  15 	 E6'        	 S17^7     
  16 	 E6"        	 S17^9     
  17 	 E7'        	 S17^11    
  18 	 E7"        	 S17^13    
  19 	 E8'        	 S17^15    
  20 	 E8"        	 sv        

Table
         1         2         3         4         5         6         7         8         9         10        11        12        13        14        15        16        17        18        19        20     
   1   1.00000   1.00000   1.00000   1.00000   1.00000   1.00000   1.00000   1.00000   1.00000   1.00000   1.00000   1.00000   1.00000   1.00000   1.00000   1.00000   1.00000   1.00000   1.00000   1.00000  
   2   1.00000   1.00000   1.00000   1.00000   1.00000   1.00000   1.00000   1.00000   1.00000   1.00000  -1.00000  -1.00000  -1.00000  -1.00000  -1.00000  -1.00000  -1.00000  -1.00000  -1.00000  -1.00000  
   3   1.00000   1.00000   1.00000   1.00000   1.00000   1.00000   1.00000   1.00000   1.00000  -1.00000   1.00000   1.00000   1.00000   1.00000   1.00000   1.00000   1.00000   1.00000   1.00000  -1.00000  
   4   1.00000   1.00000   1.00000   1.00000   1.00000   1.00000   1.00000   1.00000   1.00000  -1.00000  -1.00000  -1.00000  -1.00000  -1.00000  -1.00000  -1.00000  -1.00000  -1.00000  -1.00000   1.00000  
   5   2.00000   1.86494   1.47802   0.89148   0.18454  -0.54733  -1.20527  -1.70043  -1.96595   0.00000   2.00000   1.86494   0.89148  -0.54733  -1.70043  -1.96595  -1.20527   0.18454   1.47802   0.00000  
   6   2.00000   1.86494   1.47802   0.89148   0.18454  -0.54733  -1.20527  -1.70043  -1.96595   0.00000  -2.00000  -1.86494  -0.89148   0.54733   1.70043   1.96595   1.20527  -0.18454  -1.47802   0.00000  
   7   2.00000   1.47802   0.18454  -1.20527  -1.96595  -1.70043  -0.54733   0.89148   1.86494   0.00000   2.00000   1.47802  -1.20527  -1.70043   0.89148   1.86494  -0.54733  -1.96595   0.18454   0.00000  
   8   2.00000   1.47802   0.18454  -1.20527  -1.96595  -1.70043  -0.54733   0.89148   1.86494   0.00000  -2.00000  -1.47802   1.20527   1.70043  -0.89148  -1.86494   0.54733   1.96595  -0.18454   0.00000  
   9   2.00000   0.89148  -1.20527  -1.96595  -0.54733   1.47802   1.86494   0.18454  -1.70043   0.00000   2.00000   0.89148  -1.96595   1.47802   0.18454  -1.70043   1.86494  -0.54733  -1.20527   0.00000  
  10   2.00000   0.89148  -1.20527  -1.96595  -0.54733   1.47802   1.86494   0.18454  -1.70043   0.00000  -2.00000  -0.89148   1.96595  -1.47802  -0.18454   1.70043  -1.86494   0.54733   1.20527   0.00000  
  11   2.00000   0.18454  -1.96595  -0.54733   1.86494   0.89148  -1.70043  -1.20527   1.47802   0.00000   2.00000   0.18454  -0.54733   0.89148  -1.20527   1.47802  -1.70043   1.86494  -1.96595   0.00000  
  12   2.00000   0.18454  -1.96595  -0.54733   1.86494   0.89148  -1.70043  -1.20527   1.47802   0.00000  -2.00000  -0.18454   0.54733  -0.89148   1.20527  -1.47802   1.70043  -1.86494   1.96595   0.00000  
  13   2.00000  -0.54733  -1.70043   1.47802   0.89148  -1.96595   0.18454   1.86494  -1.20527   0.00000   2.00000  -0.54733   1.47802  -1.96595   1.86494  -1.20527   0.18454   0.89148  -1.70043   0.00000  
  14   2.00000  -0.54733  -1.70043   1.47802   0.89148  -1.96595   0.18454   1.86494  -1.20527   0.00000  -2.00000   0.54733  -1.47802   1.96595  -1.86494   1.20527  -0.18454  -0.89148   1.70043   0.00000  
  15   2.00000  -1.20527  -0.54733   1.86494  -1.70043   0.18454   1.47802  -1.96595   0.89148   0.00000   2.00000  -1.20527   1.86494   0.18454  -1.96595   0.89148   1.47802  -1.70043  -0.54733   0.00000  
  16   2.00000  -1.20527  -0.54733   1.86494  -1.70043   0.18454   1.47802  -1.96595   0.89148   0.00000  -2.00000   1.20527  -1.86494  -0.18454   1.96595  -0.89148  -1.47802   1.70043   0.54733   0.00000  
  17   2.00000  -1.70043   0.89148   0.18454  -1.20527   1.86494  -1.96595   1.47802  -0.54733   0.00000   2.00000  -1.70043   0.18454   1.86494   1.47802  -0.54733  -1.96595  -1.20527   0.89148   0.00000  
  18   2.00000  -1.70043   0.89148   0.18454  -1.20527   1.86494  -1.96595   1.47802  -0.54733   0.00000  -2.00000   1.70043  -0.18454  -1.86494  -1.47802   0.54733   1.96595   1.20527  -0.89148   0.00000  
  19   2.00000  -1.96595   1.86494  -1.70043   1.47802  -1.20527   0.89148  -0.54733   0.18454   0.00000   2.00000  -1.96595  -1.70043  -1.20527  -0.54733   0.18454   0.89148   1.47802   1.86494   0.00000  
  20   2.00000  -1.96595   1.86494  -1.70043   1.47802  -1.20527   0.89148  -0.54733   0.18454   0.00000  -2.00000   1.96595   1.70043   1.20527   0.54733  -0.18454  -0.89148  -1.47802  -1.86494   0.00000  

