Group	D18d 
n	21

     	Irred     	Operation
   1 	 A1         	 E         
   2 	 A2         	 S36       
   3 	 B1         	 C18       
   4 	 B2         	 S12       
   5 	 E1         	 C9        
   6 	 E2         	 S36^5     
   7 	 E3         	 C6        
   8 	 E4         	 S36^7     
   9 	 E5         	 C9^2      
  10 	 E6         	 S4        
  11 	 E7         	 C18^5     
  12 	 E8         	 S36^11    
  13 	 E9         	 C3        
  14 	 E10        	 S36^13    
  15 	 E11        	 C18^7     
  16 	 E12        	 S12^5     
  17 	 E13        	 C9^4      
  18 	 E14        	 S36^17    
  19 	 E15        	 C2        
  20 	 E16        	 C2'       
  21 	 E17        	 sd        

Table
         1         2         3         4         5         6         7         8         9         10        11        12        13        14        15        16        17        18        19        20        21     
   1   1.00000   1.00000   1.00000   1.00000   1.00000   1.00000   1.00000   1.00000   1.00000   1.00000   1.00000   1.00000   1.00000   1.00000   1.00000   1.00000   1.00000   1.00000   1.00000   1.00000   1.00000  
   2   1.00000   1.00000   1.00000   1.00000   1.00000   1.00000   1.00000   1.00000   1.00000   1.00000   1.00000   1.00000   1.00000   1.00000   1.00000   1.00000   1.00000   1.00000   1.00000  -1.00000  -1.00000  
   3   1.00000  -1.00000   1.00000  -1.00000   1.00000  -1.00000   1.00000  -1.00000   1.00000  -1.00000   1.00000  -1.00000   1.00000  -1.00000   1.00000  -1.00000   1.00000  -1.00000   1.00000   1.00000  -1.00000  
   4   1.00000  -1.00000   1.00000  -1.00000   1.00000  -1.00000   1.00000  -1.00000   1.00000  -1.00000   1.00000  -1.00000   1.00000  -1.00000   1.00000  -1.00000   1.00000  -1.00000   1.00000  -1.00000   1.00000  
   5   2.00000   1.96962   1.87939   1.73205   1.53209   1.28558   1.00000   0.68404   0.34730   0.00000  -0.34730  -0.68404  -1.00000  -1.28558  -1.53209  -1.73205  -1.87939  -1.96962  -2.00000   0.00000   0.00000  
   6   2.00000   1.87939   1.53209   1.00000   0.34730  -0.34730  -1.00000  -1.53209  -1.87939  -2.00000  -1.87939  -1.53209  -1.00000  -0.34730   0.34730   1.00000   1.53209   1.87939   2.00000   0.00000   0.00000  
   7   2.00000   1.73205   1.00000   0.00000  -1.00000  -1.73205  -2.00000  -1.73205  -1.00000   0.00000   1.00000   1.73205   2.00000   1.73205   1.00000   0.00000  -1.00000  -1.73205  -2.00000   0.00000   0.00000  
   8   2.00000   1.53209   0.34730  -1.00000  -1.87939  -1.87939  -1.00000   0.34730   1.53209   2.00000   1.53209   0.34730  -1.00000  -1.87939  -1.87939  -1.00000   0.34730   1.53209   2.00000   0.00000   0.00000  
   9   2.00000   1.28558  -0.34730  -1.73205  -1.87939  -0.68404   1.00000   1.96962   1.53209   0.00000  -1.53209  -1.96962  -1.00000   0.68404   1.87939   1.73205   0.34730  -1.28558  -2.00000   0.00000   0.00000  
  10   2.00000   1.00000  -1.00000  -2.00000  -1.00000   1.00000   2.00000   1.00000  -1.00000  -2.00000  -1.00000   1.00000   2.00000   1.00000  -1.00000  -2.00000  -1.00000   1.00000   2.00000   0.00000   0.00000  
  11   2.00000   0.68404  -1.53209  -1.73205   0.34730   1.96962   1.00000  -1.28558  -1.87939   0.00000   1.87939   1.28558  -1.00000  -1.96962  -0.34730   1.73205   1.53209  -0.68404  -2.00000   0.00000   0.00000  
  12   2.00000   0.34730  -1.87939  -1.00000   1.53209   1.53209  -1.00000  -1.87939   0.34730   2.00000   0.34730  -1.87939  -1.00000   1.53209   1.53209  -1.00000  -1.87939   0.34730   2.00000   0.00000   0.00000  
  13   2.00000   0.00000  -2.00000   0.00000   2.00000   0.00000  -2.00000   0.00000   2.00000   0.00000  -2.00000   0.00000   2.00000   0.00000  -2.00000   0.00000   2.00000   0.00000  -2.00000   0.00000   0.00000  
  14   2.00000  -0.34730  -1.87939   1.00000   1.53209  -1.53209  -1.00000   1.87939   0.34730  -2.00000   0.34730   1.87939  -1.00000  -1.53209   1.53209   1.00000  -1.87939  -0.34730   2.00000   0.00000   0.00000  
  15   2.00000  -0.68404  -1.53209   1.73205   0.34730  -1.96962   1.00000   1.28558  -1.87939   0.00000   1.87939  -1.28558  -1.00000   1.96962  -0.34730  -1.73205   1.53209   0.68404  -2.00000   0.00000   0.00000  
  16   2.00000  -1.00000  -1.00000   2.00000  -1.00000  -1.00000   2.00000  -1.00000  -1.00000   2.00000  -1.00000  -1.00000   2.00000  -1.00000  -1.00000   2.00000  -1.00000  -1.00000   2.00000   0.00000   0.00000  
  17   2.00000  -1.28558  -0.34730   1.73205  -1.87939   0.68404   1.00000  -1.96962   1.53209   0.00000  -1.53209   1.96962  -1.00000  -0.68404   1.87939  -1.73205   0.34730   1.28558  -2.00000   0.00000   0.00000  
  18   2.00000  -1.53209   0.34730   1.00000  -1.87939   1.87939  -1.00000  -0.34730   1.53209  -2.00000   1.53209  -0.34730  -1.00000   1.87939  -1.87939   1.00000   0.34730  -1.53209   2.00000   0.00000   0.00000  
  19   2.00000  -1.73205   1.00000   0.00000  -1.00000   1.73205  -2.00000   1.73205  -1.00000   0.00000   1.00000  -1.73205   2.00000  -1.73205   1.00000   0.00000  -1.00000   1.73205  -2.00000   0.00000   0.00000  
  20   2.00000  -1.87939   1.53209  -1.00000   0.34730   0.34730  -1.00000   1.53209  -1.87939   2.00000  -1.87939   1.53209  -1.00000   0.34730   0.34730  -1.00000   1.53209  -1.87939   2.00000   0.00000   0.00000  
  21   2.00000  -1.96962   1.87939  -1.73205   1.53209  -1.28558   1.00000  -0.68404   0.34730   0.00000  -0.34730   0.68404  -1.00000   1.28558  -1.53209   1.73205  -1.87939   1.96962  -2.00000   0.00000   0.00000  

