Group	D18h 
n	24

     	Irred     	Operation
   1 	 A1g        	 E         
   2 	 A2g        	 C18       
   3 	 B1g        	 C9        
   4 	 B2g        	 C6        
   5 	 E1g        	 C9^2      
   6 	 E2g        	 C18^5     
   7 	 E3g        	 C3        
   8 	 E4g        	 C18^7     
   9 	 E5g        	 C9^4      
  10 	 E6g        	 C2        
  11 	 E7g        	 C2'       
  12 	 E8g        	 C2"       
  13 	 A1u        	 i         
  14 	 A2u        	 S18       
  15 	 B1u        	 S9        
  16 	 B2u        	 S6        
  17 	 E1u        	 S9^2      
  18 	 E2u        	 S18^5     
  19 	 E3u        	 S3        
  20 	 E4u        	 S18^7     
  21 	 E5u        	 S9^4      
  22 	 E6u        	 sh        
  23 	 E7u        	 sv        
  24 	 E8u        	 sd        

Table
         1         2         3         4         5         6         7         8         9         10        11        12        13        14        15        16        17        18        19        20        21        22        23        24     
   1   1.00000   1.00000   1.00000   1.00000   1.00000   1.00000   1.00000   1.00000   1.00000   1.00000   1.00000   1.00000   1.00000   1.00000   1.00000   1.00000   1.00000   1.00000   1.00000   1.00000   1.00000   1.00000   1.00000   1.00000  
   2   1.00000   1.00000   1.00000   1.00000   1.00000   1.00000   1.00000   1.00000   1.00000   1.00000  -1.00000  -1.00000   1.00000   1.00000   1.00000   1.00000   1.00000   1.00000   1.00000   1.00000   1.00000   1.00000  -1.00000  -1.00000  
   3   1.00000  -1.00000   1.00000  -1.00000   1.00000  -1.00000   1.00000  -1.00000   1.00000  -1.00000   1.00000  -1.00000   1.00000   1.00000  -1.00000   1.00000  -1.00000   1.00000  -1.00000   1.00000  -1.00000  -1.00000  -1.00000   1.00000  
   4   1.00000  -1.00000   1.00000  -1.00000   1.00000  -1.00000   1.00000  -1.00000   1.00000  -1.00000  -1.00000   1.00000   1.00000   1.00000  -1.00000   1.00000  -1.00000   1.00000  -1.00000   1.00000  -1.00000  -1.00000   1.00000  -1.00000  
   5   2.00000   1.87930   1.53200   1.00000   0.34730  -0.34730  -1.00000  -1.53200  -1.87930  -2.00000   0.00000   0.00000   2.00000  -1.87930  -1.53200  -1.00000  -0.34730   0.34730   1.00000   1.53200   1.87930  -2.00000   0.00000   0.00000  
   6   2.00000   1.53200   0.34730  -1.00000  -1.87930  -1.87930  -1.00000   0.34730   1.53200   2.00000   0.00000   0.00000   2.00000   1.53200   0.34730  -1.00000  -1.87930  -1.87930  -1.00000   0.34730   1.53200   2.00000   0.00000   0.00000  
   7   2.00000   1.00000  -1.00000  -2.00000  -1.00000   1.00000   2.00000   1.00000  -1.00000  -2.00000   0.00000   0.00000   2.00000  -1.00000   1.00000   2.00000   1.00000  -1.00000  -2.00000  -1.00000   1.00000  -2.00000   0.00000   0.00000  
   8   2.00000   0.34730  -1.87930  -1.00000   1.53200   1.53200  -1.00000  -1.87930   0.34730   2.00000   0.00000   0.00000   2.00000   0.34730  -1.87930  -1.00000   1.53200   1.53200  -1.00000  -1.87930   0.34730   2.00000   0.00000   0.00000  
   9   2.00000  -0.34730  -1.87930   1.00000   1.53200  -1.53200  -1.00000   1.87930   0.34730  -2.00000   0.00000   0.00000   2.00000   0.34730   1.87930  -1.00000  -1.53200   1.53200   1.00000  -1.87930  -0.34730  -2.00000   0.00000   0.00000  
  10   2.00000  -1.00000  -1.00000   2.00000  -1.00000  -1.00000   2.00000  -1.00000  -1.00000   2.00000   0.00000   0.00000   2.00000  -1.00000  -1.00000   2.00000  -1.00000  -1.00000   2.00000  -1.00000  -1.00000   2.00000   0.00000   0.00000  
  11   2.00000  -1.53200   0.34730   1.00000  -1.87930   1.87930  -1.00000  -0.34730   1.53200  -2.00000   0.00000   0.00000   2.00000   1.53200  -0.34730  -1.00000   1.87930  -1.87930   1.00000   0.34730  -1.53200  -2.00000   0.00000   0.00000  
  12   2.00000  -1.87930   1.53200  -1.00000   0.34730   0.34730  -1.00000   1.53200  -1.87930   2.00000   0.00000   0.00000   2.00000  -1.87930   1.53200  -1.00000   0.34730   0.34730  -1.00000   1.53200  -1.87930   2.00000   0.00000   0.00000  
  13   1.00000   1.00000   1.00000   1.00000   1.00000   1.00000   1.00000   1.00000   1.00000   1.00000   1.00000   1.00000  -1.00000  -1.00000  -1.00000  -1.00000  -1.00000  -1.00000  -1.00000  -1.00000  -1.00000  -1.00000  -1.00000  -1.00000  
  14   1.00000   1.00000   1.00000   1.00000   1.00000   1.00000   1.00000   1.00000   1.00000   1.00000  -1.00000  -1.00000  -1.00000  -1.00000  -1.00000  -1.00000  -1.00000  -1.00000  -1.00000  -1.00000  -1.00000  -1.00000   1.00000   1.00000  
  15   1.00000  -1.00000   1.00000  -1.00000   1.00000  -1.00000   1.00000  -1.00000   1.00000  -1.00000   1.00000  -1.00000  -1.00000  -1.00000   1.00000  -1.00000   1.00000  -1.00000   1.00000  -1.00000   1.00000   1.00000   1.00000  -1.00000  
  16   1.00000  -1.00000   1.00000  -1.00000   1.00000  -1.00000   1.00000  -1.00000   1.00000  -1.00000  -1.00000   1.00000  -1.00000  -1.00000   1.00000  -1.00000   1.00000  -1.00000   1.00000  -1.00000   1.00000   1.00000  -1.00000   1.00000  
  17   2.00000   1.87930   1.53200   1.00000   0.34730  -0.34730  -1.00000  -1.53200  -1.87930  -2.00000   0.00000   0.00000  -2.00000   1.87930   1.53200   1.00000   0.34730  -0.34730  -1.00000  -1.53200  -1.87930   2.00000   0.00000   0.00000  
  18   2.00000   1.53200   0.34730  -1.00000  -1.87930  -1.87930  -1.00000   0.34730   1.53200   2.00000   0.00000   0.00000  -2.00000  -1.53200  -0.34730   1.00000   1.87930   1.87930   1.00000  -0.34730  -1.53200  -2.00000   0.00000   0.00000  
  19   2.00000   1.00000  -1.00000  -2.00000  -1.00000   1.00000   2.00000   1.00000  -1.00000  -2.00000   0.00000   0.00000  -2.00000   1.00000  -1.00000  -2.00000  -1.00000   1.00000   2.00000   1.00000  -1.00000   2.00000   0.00000   0.00000  
  20   2.00000   0.34730  -1.87930  -1.00000   1.53200   1.53200  -1.00000  -1.87930   0.34730   2.00000   0.00000   0.00000  -2.00000  -0.34730   1.87930   1.00000  -1.53200  -1.53200   1.00000   1.87930  -0.34730  -2.00000   0.00000   0.00000  
  21   2.00000  -0.34730  -1.87930   1.00000   1.53200  -1.53200  -1.00000   1.87930   0.34730  -2.00000   0.00000   0.00000  -2.00000  -0.34730  -1.87930   1.00000   1.53200  -1.53200  -1.00000   1.87930   0.34730   2.00000   0.00000   0.00000  
  22   2.00000  -1.00000  -1.00000   2.00000  -1.00000  -1.00000   2.00000  -1.00000  -1.00000   2.00000   0.00000   0.00000  -2.00000   1.00000   1.00000  -2.00000   1.00000   1.00000  -2.00000   1.00000   1.00000  -2.00000   0.00000   0.00000  
  23   2.00000  -1.53200   0.34730   1.00000  -1.87930   1.87930  -1.00000  -0.34730   1.53200  -2.00000   0.00000   0.00000  -2.00000  -1.53200   0.34730   1.00000  -1.87930   1.87930  -1.00000  -0.34730   1.53200   2.00000   0.00000   0.00000  
  24   2.00000  -1.87930   1.53200  -1.00000   0.34730   0.34730  -1.00000   1.53200  -1.87930   2.00000   0.00000   0.00000  -2.00000   1.87930  -1.53200   1.00000  -0.34730  -0.34730   1.00000  -1.53200   1.87930  -2.00000   0.00000   0.00000  

