Group	D19h 
n	22

     	Irred     	Operation
   1 	 A1'        	 E         
   2 	 A1"        	 C19       
   3 	 A2'        	 C19^2     
   4 	 A2"        	 C19^3     
   5 	 E1'        	 C19^4     
   6 	 E1"        	 C19^5     
   7 	 E2'        	 C19^6     
   8 	 E2"        	 C19^7     
   9 	 E3'        	 C19^8     
  10 	 E3"        	 C19^9     
  11 	 E4'        	 C2'       
  12 	 E4"        	 sh        
  13 	 E5'        	 S19       
  14 	 E5"        	 S19^3     
  15 	 E6'        	 S19^5     
  16 	 E6"        	 S19^7     
  17 	 E7'        	 S19^9     
  18 	 E7"        	 S19^11    
  19 	 E8'        	 S19^13    
  20 	 E8"        	 S19^15    
  21 	 E9'        	 S19^17    
  22 	 E9"        	 sv        

Table
         1         2         3         4         5         6         7         8         9         10        11        12        13        14        15        16        17        18        19        20        21        22     
   1   1.00000   1.00000   1.00000   1.00000   1.00000   1.00000   1.00000   1.00000   1.00000   1.00000   1.00000   1.00000   1.00000   1.00000   1.00000   1.00000   1.00000   1.00000   1.00000   1.00000   1.00000   1.00000  
   2   1.00000   1.00000   1.00000   1.00000   1.00000   1.00000   1.00000   1.00000   1.00000   1.00000   1.00000  -1.00000  -1.00000  -1.00000  -1.00000  -1.00000  -1.00000  -1.00000  -1.00000  -1.00000  -1.00000  -1.00000  
   3   1.00000   1.00000   1.00000   1.00000   1.00000   1.00000   1.00000   1.00000   1.00000   1.00000  -1.00000   1.00000   1.00000   1.00000   1.00000   1.00000   1.00000   1.00000   1.00000   1.00000   1.00000  -1.00000  
   4   1.00000   1.00000   1.00000   1.00000   1.00000   1.00000   1.00000   1.00000   1.00000   1.00000  -1.00000  -1.00000  -1.00000  -1.00000  -1.00000  -1.00000  -1.00000  -1.00000  -1.00000  -1.00000  -1.00000   1.00000  
   5   2.00000   1.89163   1.57828   1.09390   0.49097  -0.16516  -0.80339  -1.35456  -1.75895  -1.97272   0.00000   2.00000   1.89163   1.09390  -0.16516  -1.35456  -1.97272  -1.75895  -0.80339   0.49097   1.57828   0.00000  
   6   2.00000   1.89163   1.57828   1.09390   0.49097  -0.16516  -0.80339  -1.35456  -1.75895  -1.97272   0.00000  -2.00000  -1.89163  -1.09390   0.16516   1.35456   1.97272   1.75895   0.80339  -0.49097  -1.57828   0.00000  
   7   2.00000   1.57828   0.49097  -0.80339  -1.75895  -1.97272  -1.35456  -0.16516   1.09390   1.89163   0.00000   2.00000   1.57828  -0.80339  -1.97272  -0.16516   1.89163   1.09390  -1.35456  -1.75895   0.49097   0.00000  
   8   2.00000   1.57828   0.49097  -0.80339  -1.75895  -1.97272  -1.35456  -0.16516   1.09390   1.89163   0.00000  -2.00000  -1.57828   0.80339   1.97272   0.16516  -1.89163  -1.09390   1.35456   1.75895  -0.49097   0.00000  
   9   2.00000   1.09390  -0.80339  -1.97272  -1.35456   0.49097   1.89163   1.57828  -0.16516  -1.75895   0.00000   2.00000   1.09390  -1.97272   0.49097   1.57828  -1.75895  -0.16516   1.89163  -1.35456  -0.80339   0.00000  
  10   2.00000   1.09390  -0.80339  -1.97272  -1.35456   0.49097   1.89163   1.57828  -0.16516  -1.75895   0.00000  -2.00000  -1.09390   1.97272  -0.49097  -1.57828   1.75895   0.16516  -1.89163   1.35456   0.80339   0.00000  
  11   2.00000   0.49097  -1.75895  -1.35456   1.09390   1.89163  -0.16516  -1.97272  -0.80339   1.57828   0.00000   2.00000   0.49097  -1.35456   1.89163  -1.97272   1.57828  -0.80339  -0.16516   1.09390  -1.75895   0.00000  
  12   2.00000   0.49097  -1.75895  -1.35456   1.09390   1.89163  -0.16516  -1.97272  -0.80339   1.57828   0.00000  -2.00000  -0.49097   1.35456  -1.89163   1.97272  -1.57828   0.80339   0.16516  -1.09390   1.75895   0.00000  
  13   2.00000  -0.16516  -1.97272   0.49097   1.89163  -0.80339  -1.75895   1.09390   1.57828  -1.35456   0.00000   2.00000  -0.16516   0.49097  -0.80339   1.09390  -1.35456   1.57828  -1.75895   1.89163  -1.97272   0.00000  
  14   2.00000  -0.16516  -1.97272   0.49097   1.89163  -0.80339  -1.75895   1.09390   1.57828  -1.35456   0.00000  -2.00000   0.16516  -0.49097   0.80339  -1.09390   1.35456  -1.57828   1.75895  -1.89163   1.97272   0.00000  
  15   2.00000  -0.80339  -1.35456   1.89163  -0.16516  -1.75895   1.57828   0.49097  -1.97272   1.09390   0.00000   2.00000  -0.80339   1.89163  -1.75895   0.49097   1.09390  -1.97272   1.57828  -0.16516  -1.35456   0.00000  
  16   2.00000  -0.80339  -1.35456   1.89163  -0.16516  -1.75895   1.57828   0.49097  -1.97272   1.09390   0.00000  -2.00000   0.80339  -1.89163   1.75895  -0.49097  -1.09390   1.97272  -1.57828   0.16516   1.35456   0.00000  
  17   2.00000  -1.35456  -0.16516   1.57828  -1.97272   1.09390   0.49097  -1.75895   1.89163  -0.80339   0.00000   2.00000  -1.35456   1.57828   1.09390  -1.75895  -0.80339   1.89163   0.49097  -1.97272  -0.16516   0.00000  
  18   2.00000  -1.35456  -0.16516   1.57828  -1.97272   1.09390   0.49097  -1.75895   1.89163  -0.80339   0.00000  -2.00000   1.35456  -1.57828  -1.09390   1.75895   0.80339  -1.89163  -0.49097   1.97272   0.16516   0.00000  
  19   2.00000  -1.75895   1.09390  -0.16516  -0.80339   1.57828  -1.97272   1.89163  -1.35456   0.49097   0.00000   2.00000  -1.75895  -0.16516   1.57828   1.89163   0.49097  -1.35456  -1.97272  -0.80339   1.09390   0.00000  
  20   2.00000  -1.75895   1.09390  -0.16516  -0.80339   1.57828  -1.97272   1.89163  -1.35456   0.49097   0.00000  -2.00000   1.75895   0.16516  -1.57828  -1.89163  -0.49097   1.35456   1.97272   0.80339  -1.09390   0.00000  
  21   2.00000  -1.97272   1.89163  -1.75895   1.57828  -1.35456   1.09390  -0.80339   0.49097  -0.16516   0.00000   2.00000  -1.97272  -1.75895  -1.35456  -0.80339  -0.16516   0.49097   1.09390   1.57828   1.89163   0.00000  
  22   2.00000  -1.97272   1.89163  -1.75895   1.57828  -1.35456   1.09390  -0.80339   0.49097  -0.16516   0.00000  -2.00000   1.97272   1.75895   1.35456   0.80339   0.16516  -0.49097  -1.09390  -1.57828  -1.89163   0.00000  

