Group	D20d 
n	23

     	Irred     	Operation
   1 	 A1         	 E         
   2 	 A2         	 S40       
   3 	 B1         	 C20       
   4 	 B2         	 S40^3     
   5 	 E1         	 C10       
   6 	 E2         	 S8        
   7 	 E3         	 C20^3     
   8 	 E4         	 S40^7     
   9 	 E5         	 C5        
  10 	 E6         	 S40^9     
  11 	 E7         	 C4        
  12 	 E8         	 S40^11    
  13 	 E9         	 C10^3     
  14 	 E10        	 S40^13    
  15 	 E11        	 C20^7     
  16 	 E12        	 S8^3      
  17 	 E13        	 C5^2      
  18 	 E14        	 S40^17    
  19 	 E15        	 C20^9     
  20 	 E16        	 S40^19    
  21 	 E17        	 C2        
  22 	 E18        	 C2'       
  23 	 E19        	 sd        

Table
         1         2         3         4         5         6         7         8         9         10        11        12        13        14        15        16        17        18        19        20        21        22        23     
   1   1.00000   1.00000   1.00000   1.00000   1.00000   1.00000   1.00000   1.00000   1.00000   1.00000   1.00000   1.00000   1.00000   1.00000   1.00000   1.00000   1.00000   1.00000   1.00000   1.00000   1.00000   1.00000   1.00000  
   2   1.00000   1.00000   1.00000   1.00000   1.00000   1.00000   1.00000   1.00000   1.00000   1.00000   1.00000   1.00000   1.00000   1.00000   1.00000   1.00000   1.00000   1.00000   1.00000   1.00000   1.00000  -1.00000  -1.00000  
   3   1.00000  -1.00000   1.00000  -1.00000   1.00000  -1.00000   1.00000  -1.00000   1.00000  -1.00000   1.00000  -1.00000   1.00000  -1.00000   1.00000  -1.00000   1.00000  -1.00000   1.00000  -1.00000   1.00000   1.00000  -1.00000  
   4   1.00000  -1.00000   1.00000  -1.00000   1.00000  -1.00000   1.00000  -1.00000   1.00000  -1.00000   1.00000  -1.00000   1.00000  -1.00000   1.00000  -1.00000   1.00000  -1.00000   1.00000  -1.00000   1.00000  -1.00000   1.00000  
   5   2.00000   1.97538   1.90211   1.78201   1.61803   1.41421   1.17557   0.90798   0.61803   0.31287   0.00000  -0.31287  -0.61803  -0.90798  -1.17557  -1.41421  -1.61803  -1.78201  -1.90211  -1.97538  -2.00000   0.00000   0.00000  
   6   2.00000   1.90211   1.61803   1.17557   0.61803   0.00000  -0.61803  -1.17557  -1.61803  -1.90211  -2.00000  -1.90211  -1.61803  -1.17557  -0.61803   0.00000   0.61803   1.17557   1.61803   1.90211   2.00000   0.00000   0.00000  
   7   2.00000   1.78201   1.17557   0.31287  -0.61803  -1.41421  -1.90211  -1.97538  -1.61803  -0.90798   0.00000   0.90798   1.61803   1.97538   1.90211   1.41421   0.61803  -0.31287  -1.17557  -1.78201  -2.00000   0.00000   0.00000  
   8   2.00000   1.61803   0.61803  -0.61803  -1.61803  -2.00000  -1.61803  -0.61803   0.61803   1.61803   2.00000   1.61803   0.61803  -0.61803  -1.61803  -2.00000  -1.61803  -0.61803   0.61803   1.61803   2.00000   0.00000   0.00000  
   9   2.00000   1.41421   0.00000  -1.41421  -2.00000  -1.41421   0.00000   1.41421   2.00000   1.41421   0.00000  -1.41421  -2.00000  -1.41421   0.00000   1.41421   2.00000   1.41421   0.00000  -1.41421  -2.00000   0.00000   0.00000  
  10   2.00000   1.17557  -0.61803  -1.90211  -1.61803   0.00000   1.61803   1.90211   0.61803  -1.17557  -2.00000  -1.17557   0.61803   1.90211   1.61803   0.00000  -1.61803  -1.90211  -0.61803   1.17557   2.00000   0.00000   0.00000  
  11   2.00000   0.90798  -1.17557  -1.97538  -0.61803   1.41421   1.90211   0.31287  -1.61803  -1.78201   0.00000   1.78201   1.61803  -0.31287  -1.90211  -1.41421   0.61803   1.97538   1.17557  -0.90798  -2.00000   0.00000   0.00000  
  12   2.00000   0.61803  -1.61803  -1.61803   0.61803   2.00000   0.61803  -1.61803  -1.61803   0.61803   2.00000   0.61803  -1.61803  -1.61803   0.61803   2.00000   0.61803  -1.61803  -1.61803   0.61803   2.00000   0.00000   0.00000  
  13   2.00000   0.31287  -1.90211  -0.90798   1.61803   1.41421  -1.17557  -1.78201   0.61803   1.97538   0.00000  -1.97538  -0.61803   1.78201   1.17557  -1.41421  -1.61803   0.90798   1.90211  -0.31287  -2.00000   0.00000   0.00000  
  14   2.00000   0.00000  -2.00000   0.00000   2.00000   0.00000  -2.00000   0.00000   2.00000   0.00000  -2.00000   0.00000   2.00000   0.00000  -2.00000   0.00000   2.00000   0.00000  -2.00000   0.00000   2.00000   0.00000   0.00000  
  15   2.00000  -0.31287  -1.90211   0.90798   1.61803  -1.41421  -1.17557   1.78201   0.61803  -1.97538   0.00000   1.97538  -0.61803  -1.78201   1.17557   1.41421  -1.61803  -0.90798   1.90211   0.31287  -2.00000   0.00000   0.00000  
  16   2.00000  -0.61803  -1.61803   1.61803   0.61803  -2.00000   0.61803   1.61803  -1.61803  -0.61803   2.00000  -0.61803  -1.61803   1.61803   0.61803  -2.00000   0.61803   1.61803  -1.61803  -0.61803   2.00000   0.00000   0.00000  
  17   2.00000  -0.90798  -1.17557   1.97538  -0.61803  -1.41421   1.90211  -0.31287  -1.61803   1.78201   0.00000  -1.78201   1.61803   0.31287  -1.90211   1.41421   0.61803  -1.97538   1.17557   0.90798  -2.00000   0.00000   0.00000  
  18   2.00000  -1.17557  -0.61803   1.90211  -1.61803   0.00000   1.61803  -1.90211   0.61803   1.17557  -2.00000   1.17557   0.61803  -1.90211   1.61803   0.00000  -1.61803   1.90211  -0.61803  -1.17557   2.00000   0.00000   0.00000  
  19   2.00000  -1.41421   0.00000   1.41421  -2.00000   1.41421   0.00000  -1.41421   2.00000  -1.41421   0.00000   1.41421  -2.00000   1.41421   0.00000  -1.41421   2.00000  -1.41421   0.00000   1.41421  -2.00000   0.00000   0.00000  
  20   2.00000  -1.61803   0.61803   0.61803  -1.61803   2.00000  -1.61803   0.61803   0.61803  -1.61803   2.00000  -1.61803   0.61803   0.61803  -1.61803   2.00000  -1.61803   0.61803   0.61803  -1.61803   2.00000   0.00000   0.00000  
  21   2.00000  -1.78201   1.17557  -0.31287  -0.61803   1.41421  -1.90211   1.97538  -1.61803   0.90798   0.00000  -0.90798   1.61803  -1.97538   1.90211  -1.41421   0.61803   0.31287  -1.17557   1.78201  -2.00000   0.00000   0.00000  
  22   2.00000  -1.90211   1.61803  -1.17557   0.61803   0.00000  -0.61803   1.17557  -1.61803   1.90211  -2.00000   1.90211  -1.61803   1.17557  -0.61803   0.00000   0.61803  -1.17557   1.61803  -1.90211   2.00000   0.00000   0.00000  
  23   2.00000  -1.97538   1.90211  -1.78201   1.61803  -1.41421   1.17557  -0.90798   0.61803  -0.31287   0.00000   0.31287  -0.61803   0.90798  -1.17557   1.41421  -1.61803   1.78201  -1.90211   1.97538  -2.00000   0.00000   0.00000  

