Group	D20h 
n	26

     	Irred     	Operation
   1 	 A1g        	 E         
   2 	 A2g        	 C20       
   3 	 B1g        	 C10       
   4 	 B2g        	 C20^3     
   5 	 E1g        	 C5        
   6 	 E2g        	 C4        
   7 	 E3g        	 C10^3     
   8 	 E4g        	 C20^7     
   9 	 E5g        	 C5^2      
  10 	 E6g        	 C20^9     
  11 	 E7g        	 C2        
  12 	 E8g        	 C2'       
  13 	 E9g        	 C2"       
  14 	 A1u        	 i         
  15 	 A2u        	 S20       
  16 	 B1u        	 S10       
  17 	 B2u        	 S20^3     
  18 	 E1u        	 S5        
  19 	 E2u        	 S4        
  20 	 E3u        	 S10^3     
  21 	 E4u        	 S20^7     
  22 	 E5u        	 S5^2      
  23 	 E6u        	 S20^9     
  24 	 E7u        	 sh        
  25 	 E8u        	 sv        
  26 	 E9u        	 sd        

Table
         1         2         3         4         5         6         7         8         9         10        11        12        13        14        15        16        17        18        19        20        21        22        23        24        25        26     
   1   1.00000   1.00000   1.00000   1.00000   1.00000   1.00000   1.00000   1.00000   1.00000   1.00000   1.00000   1.00000   1.00000   1.00000   1.00000   1.00000   1.00000   1.00000   1.00000   1.00000   1.00000   1.00000   1.00000   1.00000   1.00000   1.00000  
   2   1.00000   1.00000   1.00000   1.00000   1.00000   1.00000   1.00000   1.00000   1.00000   1.00000   1.00000  -1.00000  -1.00000   1.00000   1.00000   1.00000   1.00000   1.00000   1.00000   1.00000   1.00000   1.00000   1.00000   1.00000  -1.00000  -1.00000  
   3   1.00000  -1.00000   1.00000  -1.00000   1.00000  -1.00000   1.00000  -1.00000   1.00000  -1.00000   1.00000   1.00000  -1.00000   1.00000  -1.00000   1.00000  -1.00000   1.00000  -1.00000   1.00000  -1.00000   1.00000  -1.00000   1.00000   1.00000  -1.00000  
   4   1.00000  -1.00000   1.00000  -1.00000   1.00000  -1.00000   1.00000  -1.00000   1.00000  -1.00000   1.00000  -1.00000   1.00000   1.00000  -1.00000   1.00000  -1.00000   1.00000  -1.00000   1.00000  -1.00000   1.00000  -1.00000   1.00000  -1.00000   1.00000  
   5   2.00000   1.90210   1.61800   1.17550   0.61800   0.00000  -0.61800  -1.17550  -1.61800  -1.90210  -2.00000   0.00000   0.00000   2.00000  -1.90210  -1.61800  -1.17550  -0.61800   0.00000   0.61800   1.17550   1.61800   1.90210  -2.00000   0.00000   0.00000  
   6   2.00000   1.61800   0.61800  -0.61800  -1.61800  -2.00000  -1.61800  -0.61800   0.61800   1.61800   2.00000   0.00000   0.00000   2.00000   1.61800   0.61800  -0.61800  -1.61800  -2.00000  -1.61800  -0.61800   0.61800   1.61800   2.00000   0.00000   0.00000  
   7   2.00000   1.17550  -0.61800  -1.90210  -1.61800   0.00000   1.61800   1.90210   0.61800  -1.17550  -2.00000   0.00000   0.00000   2.00000  -1.17550   0.61800   1.90210   1.61800   0.00000  -1.61800  -1.90210  -0.61800   1.17550  -2.00000   0.00000   0.00000  
   8   2.00000   0.61800  -1.61800  -1.61800   0.61800   2.00000   0.61800  -1.61800  -1.61800   0.61800   2.00000   0.00000   0.00000   2.00000   0.61800  -1.61800  -1.61800   0.61800   2.00000   0.61800  -1.61800  -1.61800   0.61800   2.00000   0.00000   0.00000  
   9   2.00000   0.00000  -2.00000   0.00000   2.00000   0.00000  -2.00000   0.00000   2.00000   0.00000  -2.00000   0.00000   0.00000   2.00000   0.00000   2.00000   0.00000  -2.00000   0.00000   2.00000   0.00000  -2.00000   0.00000  -2.00000   0.00000   0.00000  
  10   2.00000  -0.61800  -1.61800   1.61800   0.61800  -2.00000   0.61800   1.61800  -1.61800  -0.61800   2.00000   0.00000   0.00000   2.00000  -0.61800  -1.61800   1.61800   0.61800  -2.00000   0.61800   1.61800  -1.61800  -0.61800   2.00000   0.00000   0.00000  
  11   2.00000  -1.17550  -0.61800   1.90210  -1.61800   0.00000   1.61800  -1.90210   0.61800   1.17550  -2.00000   0.00000   0.00000   2.00000   1.17550   0.61800  -1.90210   1.61800   0.00000  -1.61800   1.90210  -0.61800  -1.17550  -2.00000   0.00000   0.00000  
  12   2.00000  -1.61800   0.61800   0.61800  -1.61800   2.00000  -1.61800   0.61800   0.61800  -1.61800   2.00000   0.00000   0.00000   2.00000  -1.61800   0.61800   0.61800  -1.61800   2.00000  -1.61800   0.61800   0.61800  -1.61800   2.00000   0.00000   0.00000  
  13   2.00000  -1.90210   1.61800  -1.17550   0.61800   0.00000  -0.61800   1.17550  -1.61800   1.90210  -2.00000   0.00000   0.00000   2.00000   1.90210  -1.61800   1.17550  -0.61800   0.00000   0.61800  -1.17550   1.61800  -1.90210  -2.00000   0.00000   0.00000  
  14   1.00000   1.00000   1.00000   1.00000   1.00000   1.00000   1.00000   1.00000   1.00000   1.00000   1.00000   1.00000   1.00000  -1.00000  -1.00000  -1.00000  -1.00000  -1.00000  -1.00000  -1.00000  -1.00000  -1.00000  -1.00000  -1.00000  -1.00000  -1.00000  
  15   1.00000   1.00000   1.00000   1.00000   1.00000   1.00000   1.00000   1.00000   1.00000   1.00000   1.00000  -1.00000  -1.00000  -1.00000  -1.00000  -1.00000  -1.00000  -1.00000  -1.00000  -1.00000  -1.00000  -1.00000  -1.00000  -1.00000   1.00000   1.00000  
  16   1.00000  -1.00000   1.00000  -1.00000   1.00000  -1.00000   1.00000  -1.00000   1.00000  -1.00000   1.00000   1.00000  -1.00000  -1.00000   1.00000  -1.00000   1.00000  -1.00000   1.00000  -1.00000   1.00000  -1.00000   1.00000  -1.00000  -1.00000   1.00000  
  17   1.00000  -1.00000   1.00000  -1.00000   1.00000  -1.00000   1.00000  -1.00000   1.00000  -1.00000   1.00000  -1.00000   1.00000  -1.00000   1.00000  -1.00000   1.00000  -1.00000   1.00000  -1.00000   1.00000  -1.00000   1.00000  -1.00000   1.00000  -1.00000  
  18   2.00000   1.90210   1.61800   1.17550   0.61800   0.00000  -0.61800  -1.17550  -1.61800  -1.90210  -2.00000   0.00000   0.00000  -2.00000   1.90210   1.61800   1.17550   0.61800   0.00000  -0.61800  -1.17550  -1.61800  -1.90210   2.00000   0.00000   0.00000  
  19   2.00000   1.61800   0.61800  -0.61800  -1.61800  -2.00000  -1.61800  -0.61800   0.61800   1.61800   2.00000   0.00000   0.00000  -2.00000  -1.61800  -0.61800   0.61800   1.61800   2.00000   1.61800   0.61800  -0.61800  -1.61800  -2.00000   0.00000   0.00000  
  20   2.00000   1.17550  -0.61800  -1.90210  -1.61800   0.00000   1.61800   1.90210   0.61800  -1.17550  -2.00000   0.00000   0.00000  -2.00000   1.17550  -0.61800  -1.90210  -1.61800   0.00000   1.61800   1.90210   0.61800  -1.17550   2.00000   0.00000   0.00000  
  21   2.00000   0.61800  -1.61800  -1.61800   0.61800   2.00000   0.61800  -1.61800  -1.61800   0.61800   2.00000   0.00000   0.00000  -2.00000  -0.61800   1.61800   1.61800  -0.61800  -2.00000  -0.61800   1.61800   1.61800  -0.61800  -2.00000   0.00000   0.00000  
  22   2.00000   0.00000  -2.00000   0.00000   2.00000   0.00000  -2.00000   0.00000   2.00000   0.00000  -2.00000   0.00000   0.00000  -2.00000   0.00000  -2.00000   0.00000   2.00000   0.00000  -2.00000   0.00000   2.00000   0.00000   2.00000   0.00000   0.00000  
  23   2.00000  -0.61800  -1.61800   1.61800   0.61800  -2.00000   0.61800   1.61800  -1.61800  -0.61800   2.00000   0.00000   0.00000  -2.00000   0.61800   1.61800  -1.61800  -0.61800   2.00000  -0.61800  -1.61800   1.61800   0.61800  -2.00000   0.00000   0.00000  
  24   2.00000  -1.17550  -0.61800   1.90210  -1.61800   0.00000   1.61800  -1.90210   0.61800   1.17550  -2.00000   0.00000   0.00000  -2.00000  -1.17550  -0.61800   1.90210  -1.61800   0.00000   1.61800  -1.90210   0.61800   1.17550   2.00000   0.00000   0.00000  
  25   2.00000  -1.61800   0.61800   0.61800  -1.61800   2.00000  -1.61800   0.61800   0.61800  -1.61800   2.00000   0.00000   0.00000  -2.00000   1.61800  -0.61800  -0.61800   1.61800  -2.00000   1.61800  -0.61800  -0.61800   1.61800  -2.00000   0.00000   0.00000  
  26   2.00000  -1.90210   1.61800  -1.17550   0.61800   0.00000  -0.61800   1.17550  -1.61800   1.90210  -2.00000   0.00000   0.00000  -2.00000  -1.90210   1.61800  -1.17550   0.61800   0.00000  -0.61800   1.17550  -1.61800   1.90210   2.00000   0.00000   0.00000  

