Group	D22d 
n	25

     	Irred     	Operation
   1 	 A1         	 E         
   2 	 A2         	 S44       
   3 	 B1         	 C22       
   4 	 B2         	 S44^3     
   5 	 E1         	 C11       
   6 	 E2         	 S44^5     
   7 	 E3         	 C22^3     
   8 	 E4         	 S44^7     
   9 	 E5         	 C11^2     
  10 	 E6         	 S44^9     
  11 	 E7         	 C22^5     
  12 	 E8         	 S4        
  13 	 E9         	 C11^3     
  14 	 E10        	 S44^13    
  15 	 E11        	 C22^7     
  16 	 E12        	 S44^15    
  17 	 E13        	 C11^4     
  18 	 E14        	 S44^17    
  19 	 E15        	 C22^9     
  20 	 E16        	 S44^19    
  21 	 E17        	 C11^5     
  22 	 E18        	 S44^21    
  23 	 E19        	 C2        
  24 	 E20        	 C2'       
  25 	 E21        	 sd        

Table
         1         2         3         4         5         6         7         8         9         10        11        12        13        14        15        16        17        18        19        20        21        22        23        24        25     
   1   1.00000   1.00000   1.00000   1.00000   1.00000   1.00000   1.00000   1.00000   1.00000   1.00000   1.00000   1.00000   1.00000   1.00000   1.00000   1.00000   1.00000   1.00000   1.00000   1.00000   1.00000   1.00000   1.00000   1.00000   1.00000  
   2   1.00000   1.00000   1.00000   1.00000   1.00000   1.00000   1.00000   1.00000   1.00000   1.00000   1.00000   1.00000   1.00000   1.00000   1.00000   1.00000   1.00000   1.00000   1.00000   1.00000   1.00000   1.00000   1.00000  -1.00000  -1.00000  
   3   1.00000  -1.00000   1.00000  -1.00000   1.00000  -1.00000   1.00000  -1.00000   1.00000  -1.00000   1.00000  -1.00000   1.00000  -1.00000   1.00000  -1.00000   1.00000  -1.00000   1.00000  -1.00000   1.00000  -1.00000   1.00000   1.00000  -1.00000  
   4   1.00000  -1.00000   1.00000  -1.00000   1.00000  -1.00000   1.00000  -1.00000   1.00000  -1.00000   1.00000  -1.00000   1.00000  -1.00000   1.00000  -1.00000   1.00000  -1.00000   1.00000  -1.00000   1.00000  -1.00000   1.00000  -1.00000   1.00000  
   5   2.00000   1.97964   1.91899   1.81926   1.68251   1.51150   1.30972   1.08128   0.83083   0.56347   0.28463   0.00000  -0.28463  -0.56347  -0.83083  -1.08128  -1.30972  -1.51150  -1.68251  -1.81926  -1.91899  -1.97964  -2.00000   0.00000   0.00000  
   6   2.00000   1.91899   1.68251   1.30972   0.83083   0.28463  -0.28463  -0.83083  -1.30972  -1.68251  -1.91899  -2.00000  -1.91899  -1.68251  -1.30972  -0.83083  -0.28463   0.28463   0.83083   1.30972   1.68251   1.91899   2.00000   0.00000   0.00000  
   7   2.00000   1.81926   1.30972   0.56347  -0.28463  -1.08128  -1.68251  -1.97964  -1.91899  -1.51150  -0.83083   0.00000   0.83083   1.51150   1.91899   1.97964   1.68251   1.08128   0.28463  -0.56347  -1.30972  -1.81926  -2.00000   0.00000   0.00000  
   8   2.00000   1.68251   0.83083  -0.28463  -1.30972  -1.91899  -1.91899  -1.30972  -0.28463   0.83083   1.68251   2.00000   1.68251   0.83083  -0.28463  -1.30972  -1.91899  -1.91899  -1.30972  -0.28463   0.83083   1.68251   2.00000   0.00000   0.00000  
   9   2.00000   1.51150   0.28463  -1.08128  -1.91899  -1.81926  -0.83083   0.56347   1.68251   1.97964   1.30972   0.00000  -1.30972  -1.97964  -1.68251  -0.56347   0.83083   1.81926   1.91899   1.08128  -0.28463  -1.51150  -2.00000   0.00000   0.00000  
  10   2.00000   1.30972  -0.28463  -1.68251  -1.91899  -0.83083   0.83083   1.91899   1.68251   0.28463  -1.30972  -2.00000  -1.30972   0.28463   1.68251   1.91899   0.83083  -0.83083  -1.91899  -1.68251  -0.28463   1.30972   2.00000   0.00000   0.00000  
  11   2.00000   1.08128  -0.83083  -1.97964  -1.30972   0.56347   1.91899   1.51150  -0.28463  -1.81926  -1.68251   0.00000   1.68251   1.81926   0.28463  -1.51150  -1.91899  -0.56347   1.30972   1.97964   0.83083  -1.08128  -2.00000   0.00000   0.00000  
  12   2.00000   0.83083  -1.30972  -1.91899  -0.28463   1.68251   1.68251  -0.28463  -1.91899  -1.30972   0.83083   2.00000   0.83083  -1.30972  -1.91899  -0.28463   1.68251   1.68251  -0.28463  -1.91899  -1.30972   0.83083   2.00000   0.00000   0.00000  
  13   2.00000   0.56347  -1.68251  -1.51150   0.83083   1.97964   0.28463  -1.81926  -1.30972   1.08128   1.91899   0.00000  -1.91899  -1.08128   1.30972   1.81926  -0.28463  -1.97964  -0.83083   1.51150   1.68251  -0.56347  -2.00000   0.00000   0.00000  
  14   2.00000   0.28463  -1.91899  -0.83083   1.68251   1.30972  -1.30972  -1.68251   0.83083   1.91899  -0.28463  -2.00000  -0.28463   1.91899   0.83083  -1.68251  -1.30972   1.30972   1.68251  -0.83083  -1.91899   0.28463   2.00000   0.00000   0.00000  
  15   2.00000   0.00000  -2.00000   0.00000   2.00000   0.00000  -2.00000   0.00000   2.00000   0.00000  -2.00000   0.00000   2.00000   0.00000  -2.00000   0.00000   2.00000   0.00000  -2.00000   0.00000   2.00000   0.00000  -2.00000   0.00000   0.00000  
  16   2.00000  -0.28463  -1.91899   0.83083   1.68251  -1.30972  -1.30972   1.68251   0.83083  -1.91899  -0.28463   2.00000  -0.28463  -1.91899   0.83083   1.68251  -1.30972  -1.30972   1.68251   0.83083  -1.91899  -0.28463   2.00000   0.00000   0.00000  
  17   2.00000  -0.56347  -1.68251   1.51150   0.83083  -1.97964   0.28463   1.81926  -1.30972  -1.08128   1.91899   0.00000  -1.91899   1.08128   1.30972  -1.81926  -0.28463   1.97964  -0.83083  -1.51150   1.68251   0.56347  -2.00000   0.00000   0.00000  
  18   2.00000  -0.83083  -1.30972   1.91899  -0.28463  -1.68251   1.68251   0.28463  -1.91899   1.30972   0.83083  -2.00000   0.83083   1.30972  -1.91899   0.28463   1.68251  -1.68251  -0.28463   1.91899  -1.30972  -0.83083   2.00000   0.00000   0.00000  
  19   2.00000  -1.08128  -0.83083   1.97964  -1.30972  -0.56347   1.91899  -1.51150  -0.28463   1.81926  -1.68251   0.00000   1.68251  -1.81926   0.28463   1.51150  -1.91899   0.56347   1.30972  -1.97964   0.83083   1.08128  -2.00000   0.00000   0.00000  
  20   2.00000  -1.30972  -0.28463   1.68251  -1.91899   0.83083   0.83083  -1.91899   1.68251  -0.28463  -1.30972   2.00000  -1.30972  -0.28463   1.68251  -1.91899   0.83083   0.83083  -1.91899   1.68251  -0.28463  -1.30972   2.00000   0.00000   0.00000  
  21   2.00000  -1.51150   0.28463   1.08128  -1.91899   1.81926  -0.83083  -0.56347   1.68251  -1.97964   1.30972   0.00000  -1.30972   1.97964  -1.68251   0.56347   0.83083  -1.81926   1.91899  -1.08128  -0.28463   1.51150  -2.00000   0.00000   0.00000  
  22   2.00000  -1.68251   0.83083   0.28463  -1.30972   1.91899  -1.91899   1.30972  -0.28463  -0.83083   1.68251  -2.00000   1.68251  -0.83083  -0.28463   1.30972  -1.91899   1.91899  -1.30972   0.28463   0.83083  -1.68251   2.00000   0.00000   0.00000  
  23   2.00000  -1.81926   1.30972  -0.56347  -0.28463   1.08128  -1.68251   1.97964  -1.91899   1.51150  -0.83083   0.00000   0.83083  -1.51150   1.91899  -1.97964   1.68251  -1.08128   0.28463   0.56347  -1.30972   1.81926  -2.00000   0.00000   0.00000  
  24   2.00000  -1.91899   1.68251  -1.30972   0.83083  -0.28463  -0.28463   0.83083  -1.30972   1.68251  -1.91899   2.00000  -1.91899   1.68251  -1.30972   0.83083  -0.28463  -0.28463   0.83083  -1.30972   1.68251  -1.91899   2.00000   0.00000   0.00000  
  25   2.00000  -1.97964   1.91899  -1.81926   1.68251  -1.51150   1.30972  -1.08128   0.83083  -0.56347   0.28463   0.00000  -0.28463   0.56347  -0.83083   1.08128  -1.30972   1.51150  -1.68251   1.81926  -1.91899   1.97964  -2.00000   0.00000   0.00000  

