Group	D22h 
n	28

     	Irred     	Operation
   1 	 A1g        	 E         
   2 	 A2g        	 C22       
   3 	 B1g        	 C11       
   4 	 B2g        	 C22^3     
   5 	 E1g        	 C11^2     
   6 	 E2g        	 C22^5     
   7 	 E3g        	 C11^3     
   8 	 E4g        	 C22^7     
   9 	 E5g        	 C11^4     
  10 	 E6g        	 C22^9     
  11 	 E7g        	 C11^5     
  12 	 E8g        	 C2        
  13 	 E9g        	 C2'       
  14 	 E10g       	 C2"       
  15 	 A1u        	 i         
  16 	 A2u        	 S22       
  17 	 B1u        	 S11       
  18 	 B2u        	 S22^3     
  19 	 E1u        	 S11^2     
  20 	 E2u        	 S22^5     
  21 	 E3u        	 S11^3     
  22 	 E4u        	 S22^7     
  23 	 E5u        	 S11^4     
  24 	 E6u        	 S22^9     
  25 	 E7u        	 S11^5     
  26 	 E8u        	 sh        
  27 	 E9u        	 sv        
  28 	 E10u       	 sd        

Table
         1         2         3         4         5         6         7         8         9         10        11        12        13        14        15        16        17        18        19        20        21        22        23        24        25        26        27        28     
   1   1.00000   1.00000   1.00000   1.00000   1.00000   1.00000   1.00000   1.00000   1.00000   1.00000   1.00000   1.00000   1.00000   1.00000   1.00000   1.00000   1.00000   1.00000   1.00000   1.00000   1.00000   1.00000   1.00000   1.00000   1.00000   1.00000   1.00000   1.00000  
   2   1.00000   1.00000   1.00000   1.00000   1.00000   1.00000   1.00000   1.00000   1.00000   1.00000   1.00000   1.00000  -1.00000  -1.00000   1.00000   1.00000   1.00000   1.00000   1.00000   1.00000   1.00000   1.00000   1.00000   1.00000   1.00000   1.00000  -1.00000  -1.00000  
   3   1.00000  -1.00000   1.00000  -1.00000   1.00000  -1.00000   1.00000  -1.00000   1.00000  -1.00000   1.00000  -1.00000   1.00000  -1.00000   1.00000   1.00000  -1.00000   1.00000  -1.00000   1.00000  -1.00000   1.00000  -1.00000   1.00000  -1.00000  -1.00000  -1.00000   1.00000  
   4   1.00000  -1.00000   1.00000  -1.00000   1.00000  -1.00000   1.00000  -1.00000   1.00000  -1.00000   1.00000  -1.00000  -1.00000   1.00000   1.00000   1.00000  -1.00000   1.00000  -1.00000   1.00000  -1.00000   1.00000  -1.00000   1.00000  -1.00000  -1.00000   1.00000  -1.00000  
   5   2.00000   1.91890   1.68250   1.30970   0.83080   0.28460  -0.28460  -0.83080  -1.30970  -1.68250  -1.91890  -2.00000   0.00000   0.00000   2.00000  -1.91890  -1.68250  -1.30970  -0.83080  -0.28460   0.28460   0.83080   1.30970   1.68250   1.91890  -2.00000   0.00000   0.00000  
   6   2.00000   1.68250   0.83080  -0.28460  -1.30970  -1.91890  -1.91890  -1.30970  -0.28460   0.83080   1.68250   2.00000   0.00000   0.00000   2.00000   1.68250   0.83080  -0.28460  -1.30970  -1.91890  -1.91890  -1.30970  -0.28460   0.83080   1.68250   2.00000   0.00000   0.00000  
   7   2.00000   1.30970  -0.28460  -1.68250  -1.91890  -0.83080   0.83080   1.91890   1.68250   0.28460  -1.30970  -2.00000   0.00000   0.00000   2.00000  -1.30970   0.28460   1.68250   1.91890   0.83080  -0.83080  -1.91890  -1.68250  -0.28460   1.30970  -2.00000   0.00000   0.00000  
   8   2.00000   0.83080  -1.30970  -1.91890  -0.28460   1.68250   1.68250  -0.28460  -1.91890  -1.30970   0.83080   2.00000   0.00000   0.00000   2.00000   0.83080  -1.30970  -1.91890  -0.28460   1.68250   1.68250  -0.28460  -1.91890  -1.30970   0.83080   2.00000   0.00000   0.00000  
   9   2.00000   0.28460  -1.91890  -0.83080   1.68250   1.30970  -1.30970  -1.68250   0.83080   1.91890  -0.28460  -2.00000   0.00000   0.00000   2.00000  -0.28460   1.91890   0.83080  -1.68250  -1.30970   1.30970   1.68250  -0.83080  -1.91890   0.28460  -2.00000   0.00000   0.00000  
  10   2.00000  -0.28460  -1.91890   0.83080   1.68250  -1.30970  -1.30970   1.68250   0.83080  -1.91890  -0.28460   2.00000   0.00000   0.00000   2.00000  -0.28460  -1.91890   0.83080   1.68250  -1.30970  -1.30970   1.68250   0.83080  -1.91890  -0.28460   2.00000   0.00000   0.00000  
  11   2.00000  -0.83080  -1.30970   1.91890  -0.28460  -1.68250   1.68250   0.28460  -1.91890   1.30970   0.83080  -2.00000   0.00000   0.00000   2.00000   0.83080   1.30970  -1.91890   0.28460   1.68250  -1.68250  -0.28460   1.91890  -1.30970  -0.83080  -2.00000   0.00000   0.00000  
  12   2.00000  -1.30970  -0.28460   1.68250  -1.91890   0.83080   0.83080  -1.91890   1.68250  -0.28460  -1.30970   2.00000   0.00000   0.00000   2.00000  -1.30970  -0.28460   1.68250  -1.91890   0.83080   0.83080  -1.91890   1.68250  -0.28460  -1.30970   2.00000   0.00000   0.00000  
  13   2.00000  -1.68250   0.83080   0.28460  -1.30970   1.91890  -1.91890   1.30970  -0.28460  -0.83080   1.68250  -2.00000   0.00000   0.00000   2.00000   1.68250  -0.83080  -0.28460   1.30970  -1.91890   1.91890  -1.30970   0.28460   0.83080  -1.68250  -2.00000   0.00000   0.00000  
  14   2.00000  -1.91890   1.68250  -1.30970   0.83080  -0.28460  -0.28460   0.83080  -1.30970   1.68250  -1.91890   2.00000   0.00000   0.00000   2.00000  -1.91890   1.68250  -1.30970   0.83080  -0.28460  -0.28460   0.83080  -1.30970   1.68250  -1.91890   2.00000   0.00000   0.00000  
  15   1.00000   1.00000   1.00000   1.00000   1.00000   1.00000   1.00000   1.00000   1.00000   1.00000   1.00000   1.00000   1.00000   1.00000  -1.00000  -1.00000  -1.00000  -1.00000  -1.00000  -1.00000  -1.00000  -1.00000  -1.00000  -1.00000  -1.00000  -1.00000  -1.00000  -1.00000  
  16   1.00000   1.00000   1.00000   1.00000   1.00000   1.00000   1.00000   1.00000   1.00000   1.00000   1.00000   1.00000  -1.00000  -1.00000  -1.00000  -1.00000  -1.00000  -1.00000  -1.00000  -1.00000  -1.00000  -1.00000  -1.00000  -1.00000  -1.00000  -1.00000   1.00000   1.00000  
  17   1.00000  -1.00000   1.00000  -1.00000   1.00000  -1.00000   1.00000  -1.00000   1.00000  -1.00000   1.00000  -1.00000   1.00000  -1.00000  -1.00000  -1.00000   1.00000  -1.00000   1.00000  -1.00000   1.00000  -1.00000   1.00000  -1.00000   1.00000   1.00000   1.00000  -1.00000  
  18   1.00000  -1.00000   1.00000  -1.00000   1.00000  -1.00000   1.00000  -1.00000   1.00000  -1.00000   1.00000  -1.00000  -1.00000   1.00000  -1.00000  -1.00000   1.00000  -1.00000   1.00000  -1.00000   1.00000  -1.00000   1.00000  -1.00000   1.00000   1.00000  -1.00000   1.00000  
  19   2.00000   1.91890   1.68250   1.30970   0.83080   0.28460  -0.28460  -0.83080  -1.30970  -1.68250  -1.91890  -2.00000   0.00000   0.00000  -2.00000   1.91890   1.68250   1.30970   0.83080   0.28460  -0.28460  -0.83080  -1.30970  -1.68250  -1.91890   2.00000   0.00000   0.00000  
  20   2.00000   1.68250   0.83080  -0.28460  -1.30970  -1.91890  -1.91890  -1.30970  -0.28460   0.83080   1.68250   2.00000   0.00000   0.00000  -2.00000  -1.68250  -0.83080   0.28460   1.30970   1.91890   1.91890   1.30970   0.28460  -0.83080  -1.68250  -2.00000   0.00000   0.00000  
  21   2.00000   1.30970  -0.28460  -1.68250  -1.91890  -0.83080   0.83080   1.91890   1.68250   0.28460  -1.30970  -2.00000   0.00000   0.00000  -2.00000   1.30970  -0.28460  -1.68250  -1.91890  -0.83080   0.83080   1.91890   1.68250   0.28460  -1.30970   2.00000   0.00000   0.00000  
  22   2.00000   0.83080  -1.30970  -1.91890  -0.28460   1.68250   1.68250  -0.28460  -1.91890  -1.30970   0.83080   2.00000   0.00000   0.00000  -2.00000  -0.83080   1.30970   1.91890   0.28460  -1.68250  -1.68250   0.28460   1.91890   1.30970  -0.83080  -2.00000   0.00000   0.00000  
  23   2.00000   0.28460  -1.91890  -0.83080   1.68250   1.30970  -1.30970  -1.68250   0.83080   1.91890  -0.28460  -2.00000   0.00000   0.00000  -2.00000   0.28460  -1.91890  -0.83080   1.68250   1.30970  -1.30970  -1.68250   0.83080   1.91890  -0.28460   2.00000   0.00000   0.00000  
  24   2.00000  -0.28460  -1.91890   0.83080   1.68250  -1.30970  -1.30970   1.68250   0.83080  -1.91890  -0.28460   2.00000   0.00000   0.00000  -2.00000   0.28460   1.91890  -0.83080  -1.68250   1.30970   1.30970  -1.68250  -0.83080   1.91890   0.28460  -2.00000   0.00000   0.00000  
  25   2.00000  -0.83080  -1.30970   1.91890  -0.28460  -1.68250   1.68250   0.28460  -1.91890   1.30970   0.83080  -2.00000   0.00000   0.00000  -2.00000  -0.83080  -1.30970   1.91890  -0.28460  -1.68250   1.68250   0.28460  -1.91890   1.30970   0.83080   2.00000   0.00000   0.00000  
  26   2.00000  -1.30970  -0.28460   1.68250  -1.91890   0.83080   0.83080  -1.91890   1.68250  -0.28460  -1.30970   2.00000   0.00000   0.00000  -2.00000   1.30970   0.28460  -1.68250   1.91890  -0.83080  -0.83080   1.91890  -1.68250   0.28460   1.30970  -2.00000   0.00000   0.00000  
  27   2.00000  -1.68250   0.83080   0.28460  -1.30970   1.91890  -1.91890   1.30970  -0.28460  -0.83080   1.68250  -2.00000   0.00000   0.00000  -2.00000  -1.68250   0.83080   0.28460  -1.30970   1.91890  -1.91890   1.30970  -0.28460  -0.83080   1.68250   2.00000   0.00000   0.00000  
  28   2.00000  -1.91890   1.68250  -1.30970   0.83080  -0.28460  -0.28460   0.83080  -1.30970   1.68250  -1.91890   2.00000   0.00000   0.00000  -2.00000   1.91890  -1.68250   1.30970  -0.83080   0.28460   0.28460  -0.83080   1.30970  -1.68250   1.91890  -2.00000   0.00000   0.00000  

