Group	D23d 
n	26

     	Irred     	Operation
   1 	 A1g        	 E         
   2 	 A2g        	 C23       
   3 	 E1g        	 C23^2     
   4 	 E2g        	 C23^3     
   5 	 E3g        	 C23^4     
   6 	 E4g        	 C23^5     
   7 	 E5g        	 C23^6     
   8 	 E6g        	 C23^7     
   9 	 E7g        	 C23^8     
  10 	 E8g        	 C23^9     
  11 	 E9g        	 C23^10    
  12 	 E10g       	 C23^11    
  13 	 E11g       	 C2'       
  14 	 A1u        	 i         
  15 	 A2u        	 S46       
  16 	 E1u        	 S46^3     
  17 	 E2u        	 S46^5     
  18 	 E3u        	 S46^7     
  19 	 E4u        	 S46^9     
  20 	 E5u        	 S46^11    
  21 	 E6u        	 S46^13    
  22 	 E7u        	 S46^15    
  23 	 E8u        	 S46^17    
  24 	 E9u        	 S46^19    
  25 	 E10u       	 S46^21    
  26 	 E11u       	 sd        

Table
         1         2         3         4         5         6         7         8         9         10        11        12        13        14        15        16        17        18        19        20        21        22        23        24        25        26     
   1   1.00000   1.00000   1.00000   1.00000   1.00000   1.00000   1.00000   1.00000   1.00000   1.00000   1.00000   1.00000   1.00000   1.00000   1.00000   1.00000   1.00000   1.00000   1.00000   1.00000   1.00000   1.00000   1.00000   1.00000   1.00000   1.00000  
   2   1.00000   1.00000   1.00000   1.00000   1.00000   1.00000   1.00000   1.00000   1.00000   1.00000   1.00000   1.00000  -1.00000   1.00000   1.00000   1.00000   1.00000   1.00000   1.00000   1.00000   1.00000   1.00000   1.00000   1.00000   1.00000  -1.00000  
   3   2.00000   1.92583   1.70884   1.36511   0.92013   0.40691  -0.13648  -0.66976  -1.15336  -1.55142  -1.83442  -1.98137   0.00000   2.00000  -1.98137  -1.83442  -1.55142  -1.15336  -0.66976  -0.13648   0.40691   0.92013   1.36511   1.70884   1.92583   0.00000  
   4   2.00000   1.70884   0.92013  -0.13648  -1.15336  -1.83442  -1.98137  -1.55142  -0.66976   0.40691   1.36511   1.92583   0.00000   2.00000   1.92583   1.36511   0.40691  -0.66976  -1.55142  -1.98137  -1.83442  -1.15336  -0.13648   0.92013   1.70884   0.00000  
   5   2.00000   1.36511  -0.13648  -1.55142  -1.98137  -1.15336   0.40691   1.70884   1.92583   0.92013  -0.66976  -1.83442   0.00000   2.00000  -1.83442  -0.66976   0.92013   1.92583   1.70884   0.40691  -1.15336  -1.98137  -1.55142  -0.13648   1.36511   0.00000  
   6   2.00000   0.92013  -1.15336  -1.98137  -0.66976   1.36511   1.92583   0.40691  -1.55142  -1.83442  -0.13648   1.70884   0.00000   2.00000   1.70884  -0.13648  -1.83442  -1.55142   0.40691   1.92583   1.36511  -0.66976  -1.98137  -1.15336   0.92013   0.00000  
   7   2.00000   0.40691  -1.83442  -1.15336   1.36511   1.70884  -0.66976  -1.98137  -0.13648   1.92583   0.92013  -1.55142   0.00000   2.00000  -1.55142   0.92013   1.92583  -0.13648  -1.98137  -0.66976   1.70884   1.36511  -1.15336  -1.83442   0.40691   0.00000  
   8   2.00000  -0.13648  -1.98137   0.40691   1.92583  -0.66976  -1.83442   0.92013   1.70884  -1.15336  -1.55142   1.36511   0.00000   2.00000   1.36511  -1.55142  -1.15336   1.70884   0.92013  -1.83442  -0.66976   1.92583   0.40691  -1.98137  -0.13648   0.00000  
   9   2.00000  -0.66976  -1.55142   1.70884   0.40691  -1.98137   0.92013   1.36511  -1.83442  -0.13648   1.92583  -1.15336   0.00000   2.00000  -1.15336   1.92583  -0.13648  -1.83442   1.36511   0.92013  -1.98137   0.40691   1.70884  -1.55142  -0.66976   0.00000  
  10   2.00000  -1.15336  -0.66976   1.92583  -1.55142  -0.13648   1.70884  -1.83442   0.40691   1.36511  -1.98137   0.92013   0.00000   2.00000   0.92013  -1.98137   1.36511   0.40691  -1.83442   1.70884  -0.13648  -1.55142   1.92583  -0.66976  -1.15336   0.00000  
  11   2.00000  -1.55142   0.40691   0.92013  -1.83442   1.92583  -1.15336  -0.13648   1.36511  -1.98137   1.70884  -0.66976   0.00000   2.00000  -0.66976   1.70884  -1.98137   1.36511  -0.13648  -1.15336   1.92583  -1.83442   0.92013   0.40691  -1.55142   0.00000  
  12   2.00000  -1.83442   1.36511  -0.66976  -0.13648   0.92013  -1.55142   1.92583  -1.98137   1.70884  -1.15336   0.40691   0.00000   2.00000   0.40691  -1.15336   1.70884  -1.98137   1.92583  -1.55142   0.92013  -0.13648  -0.66976   1.36511  -1.83442   0.00000  
  13   2.00000  -1.98137   1.92583  -1.83442   1.70884  -1.55142   1.36511  -1.15336   0.92013  -0.66976   0.40691  -0.13648   0.00000   2.00000  -0.13648   0.40691  -0.66976   0.92013  -1.15336   1.36511  -1.55142   1.70884  -1.83442   1.92583  -1.98137   0.00000  
  14   1.00000   1.00000   1.00000   1.00000   1.00000   1.00000   1.00000   1.00000   1.00000   1.00000   1.00000   1.00000   1.00000  -1.00000  -1.00000  -1.00000  -1.00000  -1.00000  -1.00000  -1.00000  -1.00000  -1.00000  -1.00000  -1.00000  -1.00000  -1.00000  
  15   1.00000   1.00000   1.00000   1.00000   1.00000   1.00000   1.00000   1.00000   1.00000   1.00000   1.00000   1.00000  -1.00000  -1.00000  -1.00000  -1.00000  -1.00000  -1.00000  -1.00000  -1.00000  -1.00000  -1.00000  -1.00000  -1.00000  -1.00000   1.00000  
  16   2.00000   1.92583   1.70884   1.36511   0.92013   0.40691  -0.13648  -0.66976  -1.15336  -1.55142  -1.83442  -1.98137   0.00000  -2.00000   1.98137   1.83442   1.55142   1.15336   0.66976   0.13648  -0.40691  -0.92013  -1.36511  -1.70884  -1.92583   0.00000  
  17   2.00000   1.70884   0.92013  -0.13648  -1.15336  -1.83442  -1.98137  -1.55142  -0.66976   0.40691   1.36511   1.92583   0.00000  -2.00000  -1.92583  -1.36511  -0.40691   0.66976   1.55142   1.98137   1.83442   1.15336   0.13648  -0.92013  -1.70884   0.00000  
  18   2.00000   1.36511  -0.13648  -1.55142  -1.98137  -1.15336   0.40691   1.70884   1.92583   0.92013  -0.66976  -1.83442   0.00000  -2.00000   1.83442   0.66976  -0.92013  -1.92583  -1.70884  -0.40691   1.15336   1.98137   1.55142   0.13648  -1.36511   0.00000  
  19   2.00000   0.92013  -1.15336  -1.98137  -0.66976   1.36511   1.92583   0.40691  -1.55142  -1.83442  -0.13648   1.70884   0.00000  -2.00000  -1.70884   0.13648   1.83442   1.55142  -0.40691  -1.92583  -1.36511   0.66976   1.98137   1.15336  -0.92013   0.00000  
  20   2.00000   0.40691  -1.83442  -1.15336   1.36511   1.70884  -0.66976  -1.98137  -0.13648   1.92583   0.92013  -1.55142   0.00000  -2.00000   1.55142  -0.92013  -1.92583   0.13648   1.98137   0.66976  -1.70884  -1.36511   1.15336   1.83442  -0.40691   0.00000  
  21   2.00000  -0.13648  -1.98137   0.40691   1.92583  -0.66976  -1.83442   0.92013   1.70884  -1.15336  -1.55142   1.36511   0.00000  -2.00000  -1.36511   1.55142   1.15336  -1.70884  -0.92013   1.83442   0.66976  -1.92583  -0.40691   1.98137   0.13648   0.00000  
  22   2.00000  -0.66976  -1.55142   1.70884   0.40691  -1.98137   0.92013   1.36511  -1.83442  -0.13648   1.92583  -1.15336   0.00000  -2.00000   1.15336  -1.92583   0.13648   1.83442  -1.36511  -0.92013   1.98137  -0.40691  -1.70884   1.55142   0.66976   0.00000  
  23   2.00000  -1.15336  -0.66976   1.92583  -1.55142  -0.13648   1.70884  -1.83442   0.40691   1.36511  -1.98137   0.92013   0.00000  -2.00000  -0.92013   1.98137  -1.36511  -0.40691   1.83442  -1.70884   0.13648   1.55142  -1.92583   0.66976   1.15336   0.00000  
  24   2.00000  -1.55142   0.40691   0.92013  -1.83442   1.92583  -1.15336  -0.13648   1.36511  -1.98137   1.70884  -0.66976   0.00000  -2.00000   0.66976  -1.70884   1.98137  -1.36511   0.13648   1.15336  -1.92583   1.83442  -0.92013  -0.40691   1.55142   0.00000  
  25   2.00000  -1.83442   1.36511  -0.66976  -0.13648   0.92013  -1.55142   1.92583  -1.98137   1.70884  -1.15336   0.40691   0.00000  -2.00000  -0.40691   1.15336  -1.70884   1.98137  -1.92583   1.55142  -0.92013   0.13648   0.66976  -1.36511   1.83442   0.00000  
  26   2.00000  -1.98137   1.92583  -1.83442   1.70884  -1.55142   1.36511  -1.15336   0.92013  -0.66976   0.40691  -0.13648   0.00000  -2.00000   0.13648  -0.40691   0.66976  -0.92013   1.15336  -1.36511   1.55142  -1.70884   1.83442  -1.92583   1.98137   0.00000  

