Group	D23h 
n	26

     	Irred     	Operation
   1 	 A1'        	 E         
   2 	 A1"        	 C23       
   3 	 A2'        	 C23^2     
   4 	 A2"        	 C23^3     
   5 	 E1'        	 C23^4     
   6 	 E1"        	 C23^5     
   7 	 E2'        	 C23^6     
   8 	 E2"        	 C23^7     
   9 	 E3'        	 C23^8     
  10 	 E3"        	 C23^9     
  11 	 E4'        	 C23^10    
  12 	 E4"        	 C23^11    
  13 	 E5'        	 C2'       
  14 	 E5"        	 sh        
  15 	 E6'        	 S23       
  16 	 E6"        	 S23^3     
  17 	 E7'        	 S23^5     
  18 	 E7"        	 S23^7     
  19 	 E8'        	 S23^9     
  20 	 E8"        	 S23^11    
  21 	 E9'        	 S23^13    
  22 	 E9"        	 S23^15    
  23 	 E10'       	 S23^17    
  24 	 E10"       	 S23^19    
  25 	 E11'       	 S23^21    
  26 	 E11"       	 sv        

Table
         1         2         3         4         5         6         7         8         9         10        11        12        13        14        15        16        17        18        19        20        21        22        23        24        25        26     
   1   1.00000   1.00000   1.00000   1.00000   1.00000   1.00000   1.00000   1.00000   1.00000   1.00000   1.00000   1.00000   1.00000   1.00000   1.00000   1.00000   1.00000   1.00000   1.00000   1.00000   1.00000   1.00000   1.00000   1.00000   1.00000   1.00000  
   2   1.00000   1.00000   1.00000   1.00000   1.00000   1.00000   1.00000   1.00000   1.00000   1.00000   1.00000   1.00000   1.00000  -1.00000  -1.00000  -1.00000  -1.00000  -1.00000  -1.00000  -1.00000  -1.00000  -1.00000  -1.00000  -1.00000  -1.00000  -1.00000  
   3   1.00000   1.00000   1.00000   1.00000   1.00000   1.00000   1.00000   1.00000   1.00000   1.00000   1.00000   1.00000  -1.00000   1.00000   1.00000   1.00000   1.00000   1.00000   1.00000   1.00000   1.00000   1.00000   1.00000   1.00000   1.00000  -1.00000  
   4   1.00000   1.00000   1.00000   1.00000   1.00000   1.00000   1.00000   1.00000   1.00000   1.00000   1.00000   1.00000  -1.00000  -1.00000  -1.00000  -1.00000  -1.00000  -1.00000  -1.00000  -1.00000  -1.00000  -1.00000  -1.00000  -1.00000  -1.00000   1.00000  
   5   2.00000   1.92583   1.70884   1.36511   0.92013   0.40691  -0.13648  -0.66976  -1.15336  -1.55142  -1.83442  -1.98137   0.00000   2.00000   1.92583   1.36511   0.40691  -0.66976  -1.55142  -1.98137  -1.83442  -1.15336  -0.13648   0.92013   1.70884   0.00000  
   6   2.00000   1.92583   1.70884   1.36511   0.92013   0.40691  -0.13648  -0.66976  -1.15336  -1.55142  -1.83442  -1.98137   0.00000  -2.00000  -1.92583  -1.36511  -0.40691   0.66976   1.55142   1.98137   1.83442   1.15336   0.13648  -0.92013  -1.70884   0.00000  
   7   2.00000   1.70884   0.92013  -0.13648  -1.15336  -1.83442  -1.98137  -1.55142  -0.66976   0.40691   1.36511   1.92583   0.00000   2.00000   1.70884  -0.13648  -1.83442  -1.55142   0.40691   1.92583   1.36511  -0.66976  -1.98137  -1.15336   0.92013   0.00000  
   8   2.00000   1.70884   0.92013  -0.13648  -1.15336  -1.83442  -1.98137  -1.55142  -0.66976   0.40691   1.36511   1.92583   0.00000  -2.00000  -1.70884   0.13648   1.83442   1.55142  -0.40691  -1.92583  -1.36511   0.66976   1.98137   1.15336  -0.92013   0.00000  
   9   2.00000   1.36511  -0.13648  -1.55142  -1.98137  -1.15336   0.40691   1.70884   1.92583   0.92013  -0.66976  -1.83442   0.00000   2.00000   1.36511  -1.55142  -1.15336   1.70884   0.92013  -1.83442  -0.66976   1.92583   0.40691  -1.98137  -0.13648   0.00000  
  10   2.00000   1.36511  -0.13648  -1.55142  -1.98137  -1.15336   0.40691   1.70884   1.92583   0.92013  -0.66976  -1.83442   0.00000  -2.00000  -1.36511   1.55142   1.15336  -1.70884  -0.92013   1.83442   0.66976  -1.92583  -0.40691   1.98137   0.13648   0.00000  
  11   2.00000   0.92013  -1.15336  -1.98137  -0.66976   1.36511   1.92583   0.40691  -1.55142  -1.83442  -0.13648   1.70884   0.00000   2.00000   0.92013  -1.98137   1.36511   0.40691  -1.83442   1.70884  -0.13648  -1.55142   1.92583  -0.66976  -1.15336   0.00000  
  12   2.00000   0.92013  -1.15336  -1.98137  -0.66976   1.36511   1.92583   0.40691  -1.55142  -1.83442  -0.13648   1.70884   0.00000  -2.00000  -0.92013   1.98137  -1.36511  -0.40691   1.83442  -1.70884   0.13648   1.55142  -1.92583   0.66976   1.15336   0.00000  
  13   2.00000   0.40691  -1.83442  -1.15336   1.36511   1.70884  -0.66976  -1.98137  -0.13648   1.92583   0.92013  -1.55142   0.00000   2.00000   0.40691  -1.15336   1.70884  -1.98137   1.92583  -1.55142   0.92013  -0.13648  -0.66976   1.36511  -1.83442   0.00000  
  14   2.00000   0.40691  -1.83442  -1.15336   1.36511   1.70884  -0.66976  -1.98137  -0.13648   1.92583   0.92013  -1.55142   0.00000  -2.00000  -0.40691   1.15336  -1.70884   1.98137  -1.92583   1.55142  -0.92013   0.13648   0.66976  -1.36511   1.83442   0.00000  
  15   2.00000  -0.13648  -1.98137   0.40691   1.92583  -0.66976  -1.83442   0.92013   1.70884  -1.15336  -1.55142   1.36511   0.00000   2.00000  -0.13648   0.40691  -0.66976   0.92013  -1.15336   1.36511  -1.55142   1.70884  -1.83442   1.92583  -1.98137   0.00000  
  16   2.00000  -0.13648  -1.98137   0.40691   1.92583  -0.66976  -1.83442   0.92013   1.70884  -1.15336  -1.55142   1.36511   0.00000  -2.00000   0.13648  -0.40691   0.66976  -0.92013   1.15336  -1.36511   1.55142  -1.70884   1.83442  -1.92583   1.98137   0.00000  
  17   2.00000  -0.66976  -1.55142   1.70884   0.40691  -1.98137   0.92013   1.36511  -1.83442  -0.13648   1.92583  -1.15336   0.00000   2.00000  -0.66976   1.70884  -1.98137   1.36511  -0.13648  -1.15336   1.92583  -1.83442   0.92013   0.40691  -1.55142   0.00000  
  18   2.00000  -0.66976  -1.55142   1.70884   0.40691  -1.98137   0.92013   1.36511  -1.83442  -0.13648   1.92583  -1.15336   0.00000  -2.00000   0.66976  -1.70884   1.98137  -1.36511   0.13648   1.15336  -1.92583   1.83442  -0.92013  -0.40691   1.55142   0.00000  
  19   2.00000  -1.15336  -0.66976   1.92583  -1.55142  -0.13648   1.70884  -1.83442   0.40691   1.36511  -1.98137   0.92013   0.00000   2.00000  -1.15336   1.92583  -0.13648  -1.83442   1.36511   0.92013  -1.98137   0.40691   1.70884  -1.55142  -0.66976   0.00000  
  20   2.00000  -1.15336  -0.66976   1.92583  -1.55142  -0.13648   1.70884  -1.83442   0.40691   1.36511  -1.98137   0.92013   0.00000  -2.00000   1.15336  -1.92583   0.13648   1.83442  -1.36511  -0.92013   1.98137  -0.40691  -1.70884   1.55142   0.66976   0.00000  
  21   2.00000  -1.55142   0.40691   0.92013  -1.83442   1.92583  -1.15336  -0.13648   1.36511  -1.98137   1.70884  -0.66976   0.00000   2.00000  -1.55142   0.92013   1.92583  -0.13648  -1.98137  -0.66976   1.70884   1.36511  -1.15336  -1.83442   0.40691   0.00000  
  22   2.00000  -1.55142   0.40691   0.92013  -1.83442   1.92583  -1.15336  -0.13648   1.36511  -1.98137   1.70884  -0.66976   0.00000  -2.00000   1.55142  -0.92013  -1.92583   0.13648   1.98137   0.66976  -1.70884  -1.36511   1.15336   1.83442  -0.40691   0.00000  
  23   2.00000  -1.83442   1.36511  -0.66976  -0.13648   0.92013  -1.55142   1.92583  -1.98137   1.70884  -1.15336   0.40691   0.00000   2.00000  -1.83442  -0.66976   0.92013   1.92583   1.70884   0.40691  -1.15336  -1.98137  -1.55142  -0.13648   1.36511   0.00000  
  24   2.00000  -1.83442   1.36511  -0.66976  -0.13648   0.92013  -1.55142   1.92583  -1.98137   1.70884  -1.15336   0.40691   0.00000  -2.00000   1.83442   0.66976  -0.92013  -1.92583  -1.70884  -0.40691   1.15336   1.98137   1.55142   0.13648  -1.36511   0.00000  
  25   2.00000  -1.98137   1.92583  -1.83442   1.70884  -1.55142   1.36511  -1.15336   0.92013  -0.66976   0.40691  -0.13648   0.00000   2.00000  -1.98137  -1.83442  -1.55142  -1.15336  -0.66976  -0.13648   0.40691   0.92013   1.36511   1.70884   1.92583   0.00000  
  26   2.00000  -1.98137   1.92583  -1.83442   1.70884  -1.55142   1.36511  -1.15336   0.92013  -0.66976   0.40691  -0.13648   0.00000  -2.00000   1.98137   1.83442   1.55142   1.15336   0.66976   0.13648  -0.40691  -0.92013  -1.36511  -1.70884  -1.92583   0.00000  

