Group	D24d 
n	27

     	Irred     	Operation
   1 	 A1         	 E         
   2 	 A2         	 S48       
   3 	 B1         	 C24       
   4 	 B2         	 S16       
   5 	 E1         	 C12       
   6 	 E2         	 S48^5     
   7 	 E3         	 C8        
   8 	 E4         	 S48^7     
   9 	 E5         	 C6        
  10 	 E6         	 S16^3     
  11 	 E7         	 C24^5     
  12 	 E8         	 S48^11    
  13 	 E9         	 C4        
  14 	 E10        	 S48^13    
  15 	 E11        	 C24^7     
  16 	 E12        	 S16^5     
  17 	 E13        	 C3        
  18 	 E14        	 S48^17    
  19 	 E15        	 C8^3      
  20 	 E16        	 S48^19    
  21 	 E17        	 C12^5     
  22 	 E18        	 S16^7     
  23 	 E19        	 C24^11    
  24 	 E20        	 S48^23    
  25 	 E21        	 C2        
  26 	 E22        	 C2'       
  27 	 E23        	 sd        

Table
         1         2         3         4         5         6         7         8         9         10        11        12        13        14        15        16        17        18        19        20        21        22        23        24        25        26        27     
   1   1.00000   1.00000   1.00000   1.00000   1.00000   1.00000   1.00000   1.00000   1.00000   1.00000   1.00000   1.00000   1.00000   1.00000   1.00000   1.00000   1.00000   1.00000   1.00000   1.00000   1.00000   1.00000   1.00000   1.00000   1.00000   1.00000   1.00000  
   2   1.00000   1.00000   1.00000   1.00000   1.00000   1.00000   1.00000   1.00000   1.00000   1.00000   1.00000   1.00000   1.00000   1.00000   1.00000   1.00000   1.00000   1.00000   1.00000   1.00000   1.00000   1.00000   1.00000   1.00000   1.00000  -1.00000  -1.00000  
   3   1.00000  -1.00000   1.00000  -1.00000   1.00000  -1.00000   1.00000  -1.00000   1.00000  -1.00000   1.00000  -1.00000   1.00000  -1.00000   1.00000  -1.00000   1.00000  -1.00000   1.00000  -1.00000   1.00000  -1.00000   1.00000  -1.00000   1.00000   1.00000  -1.00000  
   4   1.00000  -1.00000   1.00000  -1.00000   1.00000  -1.00000   1.00000  -1.00000   1.00000  -1.00000   1.00000  -1.00000   1.00000  -1.00000   1.00000  -1.00000   1.00000  -1.00000   1.00000  -1.00000   1.00000  -1.00000   1.00000  -1.00000   1.00000  -1.00000   1.00000  
   5   2.00000   1.98289   1.93185   1.84776   1.73205   1.58671   1.41421   1.21752   1.00000   0.76537   0.51764   0.26105   0.00000  -0.26105  -0.51764  -0.76537  -1.00000  -1.21752  -1.41421  -1.58671  -1.73205  -1.84776  -1.93185  -1.98289  -2.00000   0.00000   0.00000  
   6   2.00000   1.93185   1.73205   1.41421   1.00000   0.51764   0.00000  -0.51764  -1.00000  -1.41421  -1.73205  -1.93185  -2.00000  -1.93185  -1.73205  -1.41421  -1.00000  -0.51764   0.00000   0.51764   1.00000   1.41421   1.73205   1.93185   2.00000   0.00000   0.00000  
   7   2.00000   1.84776   1.41421   0.76537   0.00000  -0.76537  -1.41421  -1.84776  -2.00000  -1.84776  -1.41421  -0.76537   0.00000   0.76537   1.41421   1.84776   2.00000   1.84776   1.41421   0.76537   0.00000  -0.76537  -1.41421  -1.84776  -2.00000   0.00000   0.00000  
   8   2.00000   1.73205   1.00000   0.00000  -1.00000  -1.73205  -2.00000  -1.73205  -1.00000   0.00000   1.00000   1.73205   2.00000   1.73205   1.00000   0.00000  -1.00000  -1.73205  -2.00000  -1.73205  -1.00000   0.00000   1.00000   1.73205   2.00000   0.00000   0.00000  
   9   2.00000   1.58671   0.51764  -0.76537  -1.73205  -1.98289  -1.41421  -0.26105   1.00000   1.84776   1.93185   1.21752   0.00000  -1.21752  -1.93185  -1.84776  -1.00000   0.26105   1.41421   1.98289   1.73205   0.76537  -0.51764  -1.58671  -2.00000   0.00000   0.00000  
  10   2.00000   1.41421   0.00000  -1.41421  -2.00000  -1.41421   0.00000   1.41421   2.00000   1.41421   0.00000  -1.41421  -2.00000  -1.41421   0.00000   1.41421   2.00000   1.41421   0.00000  -1.41421  -2.00000  -1.41421   0.00000   1.41421   2.00000   0.00000   0.00000  
  11   2.00000   1.21752  -0.51764  -1.84776  -1.73205  -0.26105   1.41421   1.98289   1.00000  -0.76537  -1.93185  -1.58671   0.00000   1.58671   1.93185   0.76537  -1.00000  -1.98289  -1.41421   0.26105   1.73205   1.84776   0.51764  -1.21752  -2.00000   0.00000   0.00000  
  12   2.00000   1.00000  -1.00000  -2.00000  -1.00000   1.00000   2.00000   1.00000  -1.00000  -2.00000  -1.00000   1.00000   2.00000   1.00000  -1.00000  -2.00000  -1.00000   1.00000   2.00000   1.00000  -1.00000  -2.00000  -1.00000   1.00000   2.00000   0.00000   0.00000  
  13   2.00000   0.76537  -1.41421  -1.84776   0.00000   1.84776   1.41421  -0.76537  -2.00000  -0.76537   1.41421   1.84776   0.00000  -1.84776  -1.41421   0.76537   2.00000   0.76537  -1.41421  -1.84776   0.00000   1.84776   1.41421  -0.76537  -2.00000   0.00000   0.00000  
  14   2.00000   0.51764  -1.73205  -1.41421   1.00000   1.93185   0.00000  -1.93185  -1.00000   1.41421   1.73205  -0.51764  -2.00000  -0.51764   1.73205   1.41421  -1.00000  -1.93185   0.00000   1.93185   1.00000  -1.41421  -1.73205   0.51764   2.00000   0.00000   0.00000  
  15   2.00000   0.26105  -1.93185  -0.76537   1.73205   1.21752  -1.41421  -1.58671   1.00000   1.84776  -0.51764  -1.98289   0.00000   1.98289   0.51764  -1.84776  -1.00000   1.58671   1.41421  -1.21752  -1.73205   0.76537   1.93185  -0.26105  -2.00000   0.00000   0.00000  
  16   2.00000   0.00000  -2.00000   0.00000   2.00000   0.00000  -2.00000   0.00000   2.00000   0.00000  -2.00000   0.00000   2.00000   0.00000  -2.00000   0.00000   2.00000   0.00000  -2.00000   0.00000   2.00000   0.00000  -2.00000   0.00000   2.00000   0.00000   0.00000  
  17   2.00000  -0.26105  -1.93185   0.76537   1.73205  -1.21752  -1.41421   1.58671   1.00000  -1.84776  -0.51764   1.98289   0.00000  -1.98289   0.51764   1.84776  -1.00000  -1.58671   1.41421   1.21752  -1.73205  -0.76537   1.93185   0.26105  -2.00000   0.00000   0.00000  
  18   2.00000  -0.51764  -1.73205   1.41421   1.00000  -1.93185   0.00000   1.93185  -1.00000  -1.41421   1.73205   0.51764  -2.00000   0.51764   1.73205  -1.41421  -1.00000   1.93185   0.00000  -1.93185   1.00000   1.41421  -1.73205  -0.51764   2.00000   0.00000   0.00000  
  19   2.00000  -0.76537  -1.41421   1.84776   0.00000  -1.84776   1.41421   0.76537  -2.00000   0.76537   1.41421  -1.84776   0.00000   1.84776  -1.41421  -0.76537   2.00000  -0.76537  -1.41421   1.84776   0.00000  -1.84776   1.41421   0.76537  -2.00000   0.00000   0.00000  
  20   2.00000  -1.00000  -1.00000   2.00000  -1.00000  -1.00000   2.00000  -1.00000  -1.00000   2.00000  -1.00000  -1.00000   2.00000  -1.00000  -1.00000   2.00000  -1.00000  -1.00000   2.00000  -1.00000  -1.00000   2.00000  -1.00000  -1.00000   2.00000   0.00000   0.00000  
  21   2.00000  -1.21752  -0.51764   1.84776  -1.73205   0.26105   1.41421  -1.98289   1.00000   0.76537  -1.93185   1.58671   0.00000  -1.58671   1.93185  -0.76537  -1.00000   1.98289  -1.41421  -0.26105   1.73205  -1.84776   0.51764   1.21752  -2.00000   0.00000   0.00000  
  22   2.00000  -1.41421   0.00000   1.41421  -2.00000   1.41421   0.00000  -1.41421   2.00000  -1.41421   0.00000   1.41421  -2.00000   1.41421   0.00000  -1.41421   2.00000  -1.41421   0.00000   1.41421  -2.00000   1.41421   0.00000  -1.41421   2.00000   0.00000   0.00000  
  23   2.00000  -1.58671   0.51764   0.76537  -1.73205   1.98289  -1.41421   0.26105   1.00000  -1.84776   1.93185  -1.21752   0.00000   1.21752  -1.93185   1.84776  -1.00000  -0.26105   1.41421  -1.98289   1.73205  -0.76537  -0.51764   1.58671  -2.00000   0.00000   0.00000  
  24   2.00000  -1.73205   1.00000   0.00000  -1.00000   1.73205  -2.00000   1.73205  -1.00000   0.00000   1.00000  -1.73205   2.00000  -1.73205   1.00000   0.00000  -1.00000   1.73205  -2.00000   1.73205  -1.00000   0.00000   1.00000  -1.73205   2.00000   0.00000   0.00000  
  25   2.00000  -1.84776   1.41421  -0.76537   0.00000   0.76537  -1.41421   1.84776  -2.00000   1.84776  -1.41421   0.76537   0.00000  -0.76537   1.41421  -1.84776   2.00000  -1.84776   1.41421  -0.76537   0.00000   0.76537  -1.41421   1.84776  -2.00000   0.00000   0.00000  
  26   2.00000  -1.93185   1.73205  -1.41421   1.00000  -0.51764   0.00000   0.51764  -1.00000   1.41421  -1.73205   1.93185  -2.00000   1.93185  -1.73205   1.41421  -1.00000   0.51764   0.00000  -0.51764   1.00000  -1.41421   1.73205  -1.93185   2.00000   0.00000   0.00000  
  27   2.00000  -1.98289   1.93185  -1.84776   1.73205  -1.58671   1.41421  -1.21752   1.00000  -0.76537   0.51764  -0.26105   0.00000   0.26105  -0.51764   0.76537  -1.00000   1.21752  -1.41421   1.58671  -1.73205   1.84776  -1.93185   1.98289  -2.00000   0.00000   0.00000  

