Group	D24h 
n	30

     	Irred     	Operation
   1 	 A1g        	 E         
   2 	 A2g        	 C24       
   3 	 B1g        	 C12       
   4 	 B2g        	 C8        
   5 	 E1g        	 C6        
   6 	 E2g        	 C24^5     
   7 	 E3g        	 C4        
   8 	 E4g        	 C24^7     
   9 	 E5g        	 C3        
  10 	 E6g        	 C8^3      
  11 	 E7g        	 C12^5     
  12 	 E8g        	 C24^11    
  13 	 E9g        	 C2        
  14 	 E10g       	 C2'       
  15 	 E11g       	 C2"       
  16 	 A1u        	 i         
  17 	 A2u        	 S24       
  18 	 B1u        	 S12       
  19 	 B2u        	 S8        
  20 	 E1u        	 S6        
  21 	 E2u        	 S24^5     
  22 	 E3u        	 S4        
  23 	 E4u        	 S24^7     
  24 	 E5u        	 S3        
  25 	 E6u        	 S8^3      
  26 	 E7u        	 S12^5     
  27 	 E8u        	 S24^11    
  28 	 E9u        	 sh        
  29 	 E10u       	 sv        
  30 	 E11u       	 sd        

Table
         1         2         3         4         5         6         7         8         9         10        11        12        13        14        15        16        17        18        19        20        21        22        23        24        25        26        27        28        29        30     
   1   1.00000   1.00000   1.00000   1.00000   1.00000   1.00000   1.00000   1.00000   1.00000   1.00000   1.00000   1.00000   1.00000   1.00000   1.00000   1.00000   1.00000   1.00000   1.00000   1.00000   1.00000   1.00000   1.00000   1.00000   1.00000   1.00000   1.00000   1.00000   1.00000   1.00000  
   2   1.00000   1.00000   1.00000   1.00000   1.00000   1.00000   1.00000   1.00000   1.00000   1.00000   1.00000   1.00000   1.00000  -1.00000  -1.00000   1.00000   1.00000   1.00000   1.00000   1.00000   1.00000   1.00000   1.00000   1.00000   1.00000   1.00000   1.00000   1.00000  -1.00000  -1.00000  
   3   1.00000  -1.00000   1.00000  -1.00000   1.00000  -1.00000   1.00000  -1.00000   1.00000  -1.00000   1.00000  -1.00000   1.00000   1.00000  -1.00000   1.00000  -1.00000   1.00000  -1.00000   1.00000  -1.00000   1.00000  -1.00000   1.00000  -1.00000   1.00000  -1.00000   1.00000   1.00000  -1.00000  
   4   1.00000  -1.00000   1.00000  -1.00000   1.00000  -1.00000   1.00000  -1.00000   1.00000  -1.00000   1.00000  -1.00000   1.00000  -1.00000   1.00000   1.00000  -1.00000   1.00000  -1.00000   1.00000  -1.00000   1.00000  -1.00000   1.00000  -1.00000   1.00000  -1.00000   1.00000  -1.00000   1.00000  
   5   2.00000   1.93185   1.73205   1.41421   1.00000   0.51764   0.00000  -0.51764  -1.00000  -1.41421  -1.73205  -1.93185  -2.00000   0.00000   0.00000   2.00000  -1.93185  -1.73205  -1.41421  -1.00000  -0.51764   0.00000   0.51764   1.00000   1.41421   1.73205   1.93185  -2.00000   0.00000   0.00000  
   6   2.00000   1.73205   1.00000   0.00000  -1.00000  -1.73205  -2.00000  -1.73205  -1.00000   0.00000   1.00000   1.73205   2.00000   0.00000   0.00000   2.00000   1.73205   1.00000   0.00000  -1.00000  -1.73205  -2.00000  -1.73205  -1.00000   0.00000   1.00000   1.73205   2.00000   0.00000   0.00000  
   7   2.00000   1.41421   0.00000  -1.41421  -2.00000  -1.41421   0.00000   1.41421   2.00000   1.41421   0.00000  -1.41421  -2.00000   0.00000   0.00000   2.00000  -1.41421   0.00000   1.41421   2.00000   1.41421   0.00000  -1.41421  -2.00000  -1.41421   0.00000   1.41421  -2.00000   0.00000   0.00000  
   8   2.00000   1.00000  -1.00000  -2.00000  -1.00000   1.00000   2.00000   1.00000  -1.00000  -2.00000  -1.00000   1.00000   2.00000   0.00000   0.00000   2.00000   1.00000  -1.00000  -2.00000  -1.00000   1.00000   2.00000   1.00000  -1.00000  -2.00000  -1.00000   1.00000   2.00000   0.00000   0.00000  
   9   2.00000   0.51764  -1.73205  -1.41421   1.00000   1.93185   0.00000  -1.93185  -1.00000   1.41421   1.73205  -0.51764  -2.00000   0.00000   0.00000   2.00000  -0.51764   1.73205   1.41421  -1.00000  -1.93185   0.00000   1.93185   1.00000  -1.41421  -1.73205   0.51764  -2.00000   0.00000   0.00000  
  10   2.00000   0.00000  -2.00000   0.00000   2.00000   0.00000  -2.00000   0.00000   2.00000   0.00000  -2.00000   0.00000   2.00000   0.00000   0.00000   2.00000   0.00000  -2.00000   0.00000   2.00000   0.00000  -2.00000   0.00000   2.00000   0.00000  -2.00000   0.00000   2.00000   0.00000   0.00000  
  11   2.00000  -0.51764  -1.73205   1.41421   1.00000  -1.93185   0.00000   1.93185  -1.00000  -1.41421   1.73205   0.51764  -2.00000   0.00000   0.00000   2.00000   0.51764   1.73205  -1.41421  -1.00000   1.93185   0.00000  -1.93185   1.00000   1.41421  -1.73205  -0.51764  -2.00000   0.00000   0.00000  
  12   2.00000  -1.00000  -1.00000   2.00000  -1.00000  -1.00000   2.00000  -1.00000  -1.00000   2.00000  -1.00000  -1.00000   2.00000   0.00000   0.00000   2.00000  -1.00000  -1.00000   2.00000  -1.00000  -1.00000   2.00000  -1.00000  -1.00000   2.00000  -1.00000  -1.00000   2.00000   0.00000   0.00000  
  13   2.00000  -1.41421   0.00000   1.41421  -2.00000   1.41421   0.00000  -1.41421   2.00000  -1.41421   0.00000   1.41421  -2.00000   0.00000   0.00000   2.00000   1.41421   0.00000  -1.41421   2.00000  -1.41421   0.00000   1.41421  -2.00000   1.41421   0.00000  -1.41421  -2.00000   0.00000   0.00000  
  14   2.00000  -1.73205   1.00000   0.00000  -1.00000   1.73205  -2.00000   1.73205  -1.00000   0.00000   1.00000  -1.73205   2.00000   0.00000   0.00000   2.00000  -1.73205   1.00000   0.00000  -1.00000   1.73205  -2.00000   1.73205  -1.00000   0.00000   1.00000  -1.73205   2.00000   0.00000   0.00000  
  15   2.00000  -1.93185   1.73205  -1.41421   1.00000  -0.51764   0.00000   0.51764  -1.00000   1.41421  -1.73205   1.93185  -2.00000   0.00000   0.00000   2.00000   1.93185  -1.73205   1.41421  -1.00000   0.51764   0.00000  -0.51764   1.00000  -1.41421   1.73205  -1.93185  -2.00000   0.00000   0.00000  
  16   1.00000   1.00000   1.00000   1.00000   1.00000   1.00000   1.00000   1.00000   1.00000   1.00000   1.00000   1.00000   1.00000   1.00000   1.00000  -1.00000  -1.00000  -1.00000  -1.00000  -1.00000  -1.00000  -1.00000  -1.00000  -1.00000  -1.00000  -1.00000  -1.00000  -1.00000  -1.00000  -1.00000  
  17   1.00000   1.00000   1.00000   1.00000   1.00000   1.00000   1.00000   1.00000   1.00000   1.00000   1.00000   1.00000   1.00000  -1.00000  -1.00000  -1.00000  -1.00000  -1.00000  -1.00000  -1.00000  -1.00000  -1.00000  -1.00000  -1.00000  -1.00000  -1.00000  -1.00000  -1.00000   1.00000   1.00000  
  18   1.00000  -1.00000   1.00000  -1.00000   1.00000  -1.00000   1.00000  -1.00000   1.00000  -1.00000   1.00000  -1.00000   1.00000   1.00000  -1.00000  -1.00000   1.00000  -1.00000   1.00000  -1.00000   1.00000  -1.00000   1.00000  -1.00000   1.00000  -1.00000   1.00000  -1.00000  -1.00000   1.00000  
  19   1.00000  -1.00000   1.00000  -1.00000   1.00000  -1.00000   1.00000  -1.00000   1.00000  -1.00000   1.00000  -1.00000   1.00000  -1.00000   1.00000  -1.00000   1.00000  -1.00000   1.00000  -1.00000   1.00000  -1.00000   1.00000  -1.00000   1.00000  -1.00000   1.00000  -1.00000   1.00000  -1.00000  
  20   2.00000   1.93185   1.73205   1.41421   1.00000   0.51764   0.00000  -0.51764  -1.00000  -1.41421  -1.73205  -1.93185  -2.00000   0.00000   0.00000  -2.00000   1.93185   1.73205   1.41421   1.00000   0.51764   0.00000  -0.51764  -1.00000  -1.41421  -1.73205  -1.93185   2.00000   0.00000   0.00000  
  21   2.00000   1.73205   1.00000   0.00000  -1.00000  -1.73205  -2.00000  -1.73205  -1.00000   0.00000   1.00000   1.73205   2.00000   0.00000   0.00000  -2.00000  -1.73205  -1.00000   0.00000   1.00000   1.73205   2.00000   1.73205   1.00000   0.00000  -1.00000  -1.73205  -2.00000   0.00000   0.00000  
  22   2.00000   1.41421   0.00000  -1.41421  -2.00000  -1.41421   0.00000   1.41421   2.00000   1.41421   0.00000  -1.41421  -2.00000   0.00000   0.00000  -2.00000   1.41421   0.00000  -1.41421  -2.00000  -1.41421   0.00000   1.41421   2.00000   1.41421   0.00000  -1.41421   2.00000   0.00000   0.00000  
  23   2.00000   1.00000  -1.00000  -2.00000  -1.00000   1.00000   2.00000   1.00000  -1.00000  -2.00000  -1.00000   1.00000   2.00000   0.00000   0.00000  -2.00000  -1.00000   1.00000   2.00000   1.00000  -1.00000  -2.00000  -1.00000   1.00000   2.00000   1.00000  -1.00000  -2.00000   0.00000   0.00000  
  24   2.00000   0.51764  -1.73205  -1.41421   1.00000   1.93185   0.00000  -1.93185  -1.00000   1.41421   1.73205  -0.51764  -2.00000   0.00000   0.00000  -2.00000   0.51764  -1.73205  -1.41421   1.00000   1.93185   0.00000  -1.93185  -1.00000   1.41421   1.73205  -0.51764   2.00000   0.00000   0.00000  
  25   2.00000   0.00000  -2.00000   0.00000   2.00000   0.00000  -2.00000   0.00000   2.00000   0.00000  -2.00000   0.00000   2.00000   0.00000   0.00000  -2.00000   0.00000   2.00000   0.00000  -2.00000   0.00000   2.00000   0.00000  -2.00000   0.00000   2.00000   0.00000  -2.00000   0.00000   0.00000  
  26   2.00000  -0.51764  -1.73205   1.41421   1.00000  -1.93185   0.00000   1.93185  -1.00000  -1.41421   1.73205   0.51764  -2.00000   0.00000   0.00000  -2.00000  -0.51764  -1.73205   1.41421   1.00000  -1.93185   0.00000   1.93185  -1.00000  -1.41421   1.73205   0.51764   2.00000   0.00000   0.00000  
  27   2.00000  -1.00000  -1.00000   2.00000  -1.00000  -1.00000   2.00000  -1.00000  -1.00000   2.00000  -1.00000  -1.00000   2.00000   0.00000   0.00000  -2.00000   1.00000   1.00000  -2.00000   1.00000   1.00000  -2.00000   1.00000   1.00000  -2.00000   1.00000   1.00000  -2.00000   0.00000   0.00000  
  28   2.00000  -1.41421   0.00000   1.41421  -2.00000   1.41421   0.00000  -1.41421   2.00000  -1.41421   0.00000   1.41421  -2.00000   0.00000   0.00000  -2.00000  -1.41421   0.00000   1.41421  -2.00000   1.41421   0.00000  -1.41421   2.00000  -1.41421   0.00000   1.41421   2.00000   0.00000   0.00000  
  29   2.00000  -1.73205   1.00000   0.00000  -1.00000   1.73205  -2.00000   1.73205  -1.00000   0.00000   1.00000  -1.73205   2.00000   0.00000   0.00000  -2.00000   1.73205  -1.00000   0.00000   1.00000  -1.73205   2.00000  -1.73205   1.00000   0.00000  -1.00000   1.73205  -2.00000   0.00000   0.00000  
  30   2.00000  -1.93185   1.73205  -1.41421   1.00000  -0.51764   0.00000   0.51764  -1.00000   1.41421  -1.73205   1.93185  -2.00000   0.00000   0.00000  -2.00000  -1.93185   1.73205  -1.41421   1.00000  -0.51764   0.00000   0.51764  -1.00000   1.41421  -1.73205   1.93185   2.00000   0.00000   0.00000  

