Group	D26d 
n	29

     	Irred     	Operation
   1 	 A1         	 E         
   2 	 A2         	 S52       
   3 	 B1         	 C26       
   4 	 B2         	 S52^3     
   5 	 E1         	 C13       
   6 	 E2         	 S52^5     
   7 	 E3         	 C26^3     
   8 	 E4         	 S52^7     
   9 	 E5         	 C13^2     
  10 	 E6         	 S52^9     
  11 	 E7         	 C26^5     
  12 	 E8         	 S52^11    
  13 	 E9         	 C13^3     
  14 	 E10        	 S4        
  15 	 E11        	 C26^7     
  16 	 E12        	 S52^15    
  17 	 E13        	 C13^4     
  18 	 E14        	 S52^17    
  19 	 E15        	 C26^9     
  20 	 E16        	 S52^19    
  21 	 E17        	 C13^5     
  22 	 E18        	 S52^21    
  23 	 E19        	 C26^11    
  24 	 E20        	 S52^23    
  25 	 E21        	 C13^6     
  26 	 E22        	 S52^25    
  27 	 E23        	 C2        
  28 	 E24        	 C2'       
  29 	 E25        	 sd        

Table
         1         2         3         4         5         6         7         8         9         10        11        12        13        14        15        16        17        18        19        20        21        22        23        24        25        26        27        28        29     
   1   1.00000   1.00000   1.00000   1.00000   1.00000   1.00000   1.00000   1.00000   1.00000   1.00000   1.00000   1.00000   1.00000   1.00000   1.00000   1.00000   1.00000   1.00000   1.00000   1.00000   1.00000   1.00000   1.00000   1.00000   1.00000   1.00000   1.00000   1.00000   1.00000  
   2   1.00000   1.00000   1.00000   1.00000   1.00000   1.00000   1.00000   1.00000   1.00000   1.00000   1.00000   1.00000   1.00000   1.00000   1.00000   1.00000   1.00000   1.00000   1.00000   1.00000   1.00000   1.00000   1.00000   1.00000   1.00000   1.00000   1.00000  -1.00000  -1.00000  
   3   1.00000  -1.00000   1.00000  -1.00000   1.00000  -1.00000   1.00000  -1.00000   1.00000  -1.00000   1.00000  -1.00000   1.00000  -1.00000   1.00000  -1.00000   1.00000  -1.00000   1.00000  -1.00000   1.00000  -1.00000   1.00000  -1.00000   1.00000  -1.00000   1.00000   1.00000  -1.00000  
   4   1.00000  -1.00000   1.00000  -1.00000   1.00000  -1.00000   1.00000  -1.00000   1.00000  -1.00000   1.00000  -1.00000   1.00000  -1.00000   1.00000  -1.00000   1.00000  -1.00000   1.00000  -1.00000   1.00000  -1.00000   1.00000  -1.00000   1.00000  -1.00000   1.00000  -1.00000   1.00000  
   5   2.00000   1.98542   1.94188   1.87003   1.77091   1.64597   1.49702   1.32625   1.13613   0.92945   0.70921   0.47863   0.24107   0.00000  -0.24107  -0.47863  -0.70921  -0.92945  -1.13613  -1.32625  -1.49702  -1.64597  -1.77091  -1.87003  -1.94188  -1.98542  -2.00000   0.00000   0.00000  
   6   2.00000   1.94188   1.77091   1.49702   1.13613   0.70921   0.24107  -0.24107  -0.70921  -1.13613  -1.49702  -1.77091  -1.94188  -2.00000  -1.94188  -1.77091  -1.49702  -1.13613  -0.70921  -0.24107   0.24107   0.70921   1.13613   1.49702   1.77091   1.94188   2.00000   0.00000   0.00000  
   7   2.00000   1.87003   1.49702   0.92945   0.24107  -0.47863  -1.13613  -1.64597  -1.94188  -1.98542  -1.77091  -1.32625  -0.70921   0.00000   0.70921   1.32625   1.77091   1.98542   1.94188   1.64597   1.13613   0.47863  -0.24107  -0.92945  -1.49702  -1.87003  -2.00000   0.00000   0.00000  
   8   2.00000   1.77091   1.13613   0.24107  -0.70921  -1.49702  -1.94188  -1.94188  -1.49702  -0.70921   0.24107   1.13613   1.77091   2.00000   1.77091   1.13613   0.24107  -0.70921  -1.49702  -1.94188  -1.94188  -1.49702  -0.70921   0.24107   1.13613   1.77091   2.00000   0.00000   0.00000  
   9   2.00000   1.64597   0.70921  -0.47863  -1.49702  -1.98542  -1.77091  -0.92945   0.24107   1.32625   1.94188   1.87003   1.13613   0.00000  -1.13613  -1.87003  -1.94188  -1.32625  -0.24107   0.92945   1.77091   1.98542   1.49702   0.47863  -0.70921  -1.64597  -2.00000   0.00000   0.00000  
  10   2.00000   1.49702   0.24107  -1.13613  -1.94188  -1.77091  -0.70921   0.70921   1.77091   1.94188   1.13613  -0.24107  -1.49702  -2.00000  -1.49702  -0.24107   1.13613   1.94188   1.77091   0.70921  -0.70921  -1.77091  -1.94188  -1.13613   0.24107   1.49702   2.00000   0.00000   0.00000  
  11   2.00000   1.32625  -0.24107  -1.64597  -1.94188  -0.92945   0.70921   1.87003   1.77091   0.47863  -1.13613  -1.98542  -1.49702   0.00000   1.49702   1.98542   1.13613  -0.47863  -1.77091  -1.87003  -0.70921   0.92945   1.94188   1.64597   0.24107  -1.32625  -2.00000   0.00000   0.00000  
  12   2.00000   1.13613  -0.70921  -1.94188  -1.49702   0.24107   1.77091   1.77091   0.24107  -1.49702  -1.94188  -0.70921   1.13613   2.00000   1.13613  -0.70921  -1.94188  -1.49702   0.24107   1.77091   1.77091   0.24107  -1.49702  -1.94188  -0.70921   1.13613   2.00000   0.00000   0.00000  
  13   2.00000   0.92945  -1.13613  -1.98542  -0.70921   1.32625   1.94188   0.47863  -1.49702  -1.87003  -0.24107   1.64597   1.77091   0.00000  -1.77091  -1.64597   0.24107   1.87003   1.49702  -0.47863  -1.94188  -1.32625   0.70921   1.98542   1.13613  -0.92945  -2.00000   0.00000   0.00000  
  14   2.00000   0.70921  -1.49702  -1.77091   0.24107   1.94188   1.13613  -1.13613  -1.94188  -0.24107   1.77091   1.49702  -0.70921  -2.00000  -0.70921   1.49702   1.77091  -0.24107  -1.94188  -1.13613   1.13613   1.94188   0.24107  -1.77091  -1.49702   0.70921   2.00000   0.00000   0.00000  
  15   2.00000   0.47863  -1.77091  -1.32625   1.13613   1.87003  -0.24107  -1.98542  -0.70921   1.64597   1.49702  -0.92945  -1.94188   0.00000   1.94188   0.92945  -1.49702  -1.64597   0.70921   1.98542   0.24107  -1.87003  -1.13613   1.32625   1.77091  -0.47863  -2.00000   0.00000   0.00000  
  16   2.00000   0.24107  -1.94188  -0.70921   1.77091   1.13613  -1.49702  -1.49702   1.13613   1.77091  -0.70921  -1.94188   0.24107   2.00000   0.24107  -1.94188  -0.70921   1.77091   1.13613  -1.49702  -1.49702   1.13613   1.77091  -0.70921  -1.94188   0.24107   2.00000   0.00000   0.00000  
  17   2.00000   0.00000  -2.00000   0.00000   2.00000   0.00000  -2.00000   0.00000   2.00000   0.00000  -2.00000   0.00000   2.00000   0.00000  -2.00000   0.00000   2.00000   0.00000  -2.00000   0.00000   2.00000   0.00000  -2.00000   0.00000   2.00000   0.00000  -2.00000   0.00000   0.00000  
  18   2.00000  -0.24107  -1.94188   0.70921   1.77091  -1.13613  -1.49702   1.49702   1.13613  -1.77091  -0.70921   1.94188   0.24107  -2.00000   0.24107   1.94188  -0.70921  -1.77091   1.13613   1.49702  -1.49702  -1.13613   1.77091   0.70921  -1.94188  -0.24107   2.00000   0.00000   0.00000  
  19   2.00000  -0.47863  -1.77091   1.32625   1.13613  -1.87003  -0.24107   1.98542  -0.70921  -1.64597   1.49702   0.92945  -1.94188   0.00000   1.94188  -0.92945  -1.49702   1.64597   0.70921  -1.98542   0.24107   1.87003  -1.13613  -1.32625   1.77091   0.47863  -2.00000   0.00000   0.00000  
  20   2.00000  -0.70921  -1.49702   1.77091   0.24107  -1.94188   1.13613   1.13613  -1.94188   0.24107   1.77091  -1.49702  -0.70921   2.00000  -0.70921  -1.49702   1.77091   0.24107  -1.94188   1.13613   1.13613  -1.94188   0.24107   1.77091  -1.49702  -0.70921   2.00000   0.00000   0.00000  
  21   2.00000  -0.92945  -1.13613   1.98542  -0.70921  -1.32625   1.94188  -0.47863  -1.49702   1.87003  -0.24107  -1.64597   1.77091   0.00000  -1.77091   1.64597   0.24107  -1.87003   1.49702   0.47863  -1.94188   1.32625   0.70921  -1.98542   1.13613   0.92945  -2.00000   0.00000   0.00000  
  22   2.00000  -1.13613  -0.70921   1.94188  -1.49702  -0.24107   1.77091  -1.77091   0.24107   1.49702  -1.94188   0.70921   1.13613  -2.00000   1.13613   0.70921  -1.94188   1.49702   0.24107  -1.77091   1.77091  -0.24107  -1.49702   1.94188  -0.70921  -1.13613   2.00000   0.00000   0.00000  
  23   2.00000  -1.32625  -0.24107   1.64597  -1.94188   0.92945   0.70921  -1.87003   1.77091  -0.47863  -1.13613   1.98542  -1.49702   0.00000   1.49702  -1.98542   1.13613   0.47863  -1.77091   1.87003  -0.70921  -0.92945   1.94188  -1.64597   0.24107   1.32625  -2.00000   0.00000   0.00000  
  24   2.00000  -1.49702   0.24107   1.13613  -1.94188   1.77091  -0.70921  -0.70921   1.77091  -1.94188   1.13613   0.24107  -1.49702   2.00000  -1.49702   0.24107   1.13613  -1.94188   1.77091  -0.70921  -0.70921   1.77091  -1.94188   1.13613   0.24107  -1.49702   2.00000   0.00000   0.00000  
  25   2.00000  -1.64597   0.70921   0.47863  -1.49702   1.98542  -1.77091   0.92945   0.24107  -1.32625   1.94188  -1.87003   1.13613   0.00000  -1.13613   1.87003  -1.94188   1.32625  -0.24107  -0.92945   1.77091  -1.98542   1.49702  -0.47863  -0.70921   1.64597  -2.00000   0.00000   0.00000  
  26   2.00000  -1.77091   1.13613  -0.24107  -0.70921   1.49702  -1.94188   1.94188  -1.49702   0.70921   0.24107  -1.13613   1.77091  -2.00000   1.77091  -1.13613   0.24107   0.70921  -1.49702   1.94188  -1.94188   1.49702  -0.70921  -0.24107   1.13613  -1.77091   2.00000   0.00000   0.00000  
  27   2.00000  -1.87003   1.49702  -0.92945   0.24107   0.47863  -1.13613   1.64597  -1.94188   1.98542  -1.77091   1.32625  -0.70921   0.00000   0.70921  -1.32625   1.77091  -1.98542   1.94188  -1.64597   1.13613  -0.47863  -0.24107   0.92945  -1.49702   1.87003  -2.00000   0.00000   0.00000  
  28   2.00000  -1.94188   1.77091  -1.49702   1.13613  -0.70921   0.24107   0.24107  -0.70921   1.13613  -1.49702   1.77091  -1.94188   2.00000  -1.94188   1.77091  -1.49702   1.13613  -0.70921   0.24107   0.24107  -0.70921   1.13613  -1.49702   1.77091  -1.94188   2.00000   0.00000   0.00000  
  29   2.00000  -1.98542   1.94188  -1.87003   1.77091  -1.64597   1.49702  -1.32625   1.13613  -0.92945   0.70921  -0.47863   0.24107   0.00000  -0.24107   0.47863  -0.70921   0.92945  -1.13613   1.32625  -1.49702   1.64597  -1.77091   1.87003  -1.94188   1.98542  -2.00000   0.00000   0.00000  

