Group	D26h 
n	32

     	Irred     	Operation
   1 	 A1g        	 E         
   2 	 A2g        	 C26       
   3 	 B1g        	 C13       
   4 	 B2g        	 C26^3     
   5 	 E1g        	 C13^2     
   6 	 E2g        	 C26^5     
   7 	 E3g        	 C13^3     
   8 	 E4g        	 C26^7     
   9 	 E5g        	 C13^4     
  10 	 E6g        	 C26^9     
  11 	 E7g        	 C13^5     
  12 	 E8g        	 C26^11    
  13 	 E9g        	 C13^6     
  14 	 E10g       	 C2        
  15 	 E11g       	 C2'       
  16 	 E12g       	 C2"       
  17 	 A1u        	 i         
  18 	 A2u        	 S26       
  19 	 B1u        	 S13       
  20 	 B2u        	 S26^3     
  21 	 E1u        	 S13^2     
  22 	 E2u        	 S26^5     
  23 	 E3u        	 S13^3     
  24 	 E4u        	 S26^7     
  25 	 E5u        	 S13^4     
  26 	 E6u        	 S26^9     
  27 	 E7u        	 S13^5     
  28 	 E8u        	 S26^11    
  29 	 E9u        	 S13^6     
  30 	 E10u       	 sh        
  31 	 E11u       	 sv        
  32 	 E12u       	 sd        

Table
         1         2         3         4         5         6         7         8         9         10        11        12        13        14        15        16        17        18        19        20        21        22        23        24        25        26        27        28        29        30        31        32     
   1   1.00000   1.00000   1.00000   1.00000   1.00000   1.00000   1.00000   1.00000   1.00000   1.00000   1.00000   1.00000   1.00000   1.00000   1.00000   1.00000   1.00000   1.00000   1.00000   1.00000   1.00000   1.00000   1.00000   1.00000   1.00000   1.00000   1.00000   1.00000   1.00000   1.00000   1.00000   1.00000  
   2   1.00000   1.00000   1.00000   1.00000   1.00000   1.00000   1.00000   1.00000   1.00000   1.00000   1.00000   1.00000   1.00000   1.00000  -1.00000  -1.00000   1.00000   1.00000   1.00000   1.00000   1.00000   1.00000   1.00000   1.00000   1.00000   1.00000   1.00000   1.00000   1.00000   1.00000  -1.00000  -1.00000  
   3   1.00000  -1.00000   1.00000  -1.00000   1.00000  -1.00000   1.00000  -1.00000   1.00000  -1.00000   1.00000  -1.00000   1.00000  -1.00000   1.00000  -1.00000   1.00000   1.00000  -1.00000   1.00000  -1.00000   1.00000  -1.00000   1.00000  -1.00000   1.00000  -1.00000   1.00000  -1.00000  -1.00000  -1.00000   1.00000  
   4   1.00000  -1.00000   1.00000  -1.00000   1.00000  -1.00000   1.00000  -1.00000   1.00000  -1.00000   1.00000  -1.00000   1.00000  -1.00000  -1.00000   1.00000   1.00000   1.00000  -1.00000   1.00000  -1.00000   1.00000  -1.00000   1.00000  -1.00000   1.00000  -1.00000   1.00000  -1.00000  -1.00000   1.00000  -1.00000  
   5   2.00000   1.94188   1.77091   1.49702   1.13613   0.70921   0.24107  -0.24107  -0.70921  -1.13613  -1.49702  -1.77091  -1.94188  -2.00000   0.00000   0.00000   2.00000  -1.94188  -1.77091  -1.49702  -1.13613  -0.70921  -0.24107   0.24107   0.70921   1.13613   1.49702   1.77091   1.94188  -2.00000   0.00000   0.00000  
   6   2.00000   1.77091   1.13613   0.24107  -0.70921  -1.49702  -1.94188  -1.94188  -1.49702  -0.70921   0.24107   1.13613   1.77091   2.00000   0.00000   0.00000   2.00000   1.77091   1.13613   0.24107  -0.70921  -1.49702  -1.94188  -1.94188  -1.49702  -0.70921   0.24107   1.13613   1.77091   2.00000   0.00000   0.00000  
   7   2.00000   1.49702   0.24107  -1.13613  -1.94188  -1.77091  -0.70921   0.70921   1.77091   1.94188   1.13613  -0.24107  -1.49702  -2.00000   0.00000   0.00000   2.00000  -1.49702  -0.24107   1.13613   1.94188   1.77091   0.70921  -0.70921  -1.77091  -1.94188  -1.13613   0.24107   1.49702  -2.00000   0.00000   0.00000  
   8   2.00000   1.13613  -0.70921  -1.94188  -1.49702   0.24107   1.77091   1.77091   0.24107  -1.49702  -1.94188  -0.70921   1.13613   2.00000   0.00000   0.00000   2.00000   1.13613  -0.70921  -1.94188  -1.49702   0.24107   1.77091   1.77091   0.24107  -1.49702  -1.94188  -0.70921   1.13613   2.00000   0.00000   0.00000  
   9   2.00000   0.70921  -1.49702  -1.77091   0.24107   1.94188   1.13613  -1.13613  -1.94188  -0.24107   1.77091   1.49702  -0.70921  -2.00000   0.00000   0.00000   2.00000  -0.70921   1.49702   1.77091  -0.24107  -1.94188  -1.13613   1.13613   1.94188   0.24107  -1.77091  -1.49702   0.70921  -2.00000   0.00000   0.00000  
  10   2.00000   0.24107  -1.94188  -0.70921   1.77091   1.13613  -1.49702  -1.49702   1.13613   1.77091  -0.70921  -1.94188   0.24107   2.00000   0.00000   0.00000   2.00000   0.24107  -1.94188  -0.70921   1.77091   1.13613  -1.49702  -1.49702   1.13613   1.77091  -0.70921  -1.94188   0.24107   2.00000   0.00000   0.00000  
  11   2.00000  -0.24107  -1.94188   0.70921   1.77091  -1.13613  -1.49702   1.49702   1.13613  -1.77091  -0.70921   1.94188   0.24107  -2.00000   0.00000   0.00000   2.00000   0.24107   1.94188  -0.70921  -1.77091   1.13613   1.49702  -1.49702  -1.13613   1.77091   0.70921  -1.94188  -0.24107  -2.00000   0.00000   0.00000  
  12   2.00000  -0.70921  -1.49702   1.77091   0.24107  -1.94188   1.13613   1.13613  -1.94188   0.24107   1.77091  -1.49702  -0.70921   2.00000   0.00000   0.00000   2.00000  -0.70921  -1.49702   1.77091   0.24107  -1.94188   1.13613   1.13613  -1.94188   0.24107   1.77091  -1.49702  -0.70921   2.00000   0.00000   0.00000  
  13   2.00000  -1.13613  -0.70921   1.94188  -1.49702  -0.24107   1.77091  -1.77091   0.24107   1.49702  -1.94188   0.70921   1.13613  -2.00000   0.00000   0.00000   2.00000   1.13613   0.70921  -1.94188   1.49702   0.24107  -1.77091   1.77091  -0.24107  -1.49702   1.94188  -0.70921  -1.13613  -2.00000   0.00000   0.00000  
  14   2.00000  -1.49702   0.24107   1.13613  -1.94188   1.77091  -0.70921  -0.70921   1.77091  -1.94188   1.13613   0.24107  -1.49702   2.00000   0.00000   0.00000   2.00000  -1.49702   0.24107   1.13613  -1.94188   1.77091  -0.70921  -0.70921   1.77091  -1.94188   1.13613   0.24107  -1.49702   2.00000   0.00000   0.00000  
  15   2.00000  -1.77091   1.13613  -0.24107  -0.70921   1.49702  -1.94188   1.94188  -1.49702   0.70921   0.24107  -1.13613   1.77091  -2.00000   0.00000   0.00000   2.00000   1.77091  -1.13613   0.24107   0.70921  -1.49702   1.94188  -1.94188   1.49702  -0.70921  -0.24107   1.13613  -1.77091  -2.00000   0.00000   0.00000  
  16   2.00000  -1.94188   1.77091  -1.49702   1.13613  -0.70921   0.24107   0.24107  -0.70921   1.13613  -1.49702   1.77091  -1.94188   2.00000   0.00000   0.00000   2.00000  -1.94188   1.77091  -1.49702   1.13613  -0.70921   0.24107   0.24107  -0.70921   1.13613  -1.49702   1.77091  -1.94188   2.00000   0.00000   0.00000  
  17   1.00000   1.00000   1.00000   1.00000   1.00000   1.00000   1.00000   1.00000   1.00000   1.00000   1.00000   1.00000   1.00000   1.00000   1.00000   1.00000  -1.00000  -1.00000  -1.00000  -1.00000  -1.00000  -1.00000  -1.00000  -1.00000  -1.00000  -1.00000  -1.00000  -1.00000  -1.00000  -1.00000  -1.00000  -1.00000  
  18   1.00000   1.00000   1.00000   1.00000   1.00000   1.00000   1.00000   1.00000   1.00000   1.00000   1.00000   1.00000   1.00000   1.00000  -1.00000  -1.00000  -1.00000  -1.00000  -1.00000  -1.00000  -1.00000  -1.00000  -1.00000  -1.00000  -1.00000  -1.00000  -1.00000  -1.00000  -1.00000  -1.00000   1.00000   1.00000  
  19   1.00000  -1.00000   1.00000  -1.00000   1.00000  -1.00000   1.00000  -1.00000   1.00000  -1.00000   1.00000  -1.00000   1.00000  -1.00000   1.00000  -1.00000  -1.00000  -1.00000   1.00000  -1.00000   1.00000  -1.00000   1.00000  -1.00000   1.00000  -1.00000   1.00000  -1.00000   1.00000   1.00000   1.00000  -1.00000  
  20   1.00000  -1.00000   1.00000  -1.00000   1.00000  -1.00000   1.00000  -1.00000   1.00000  -1.00000   1.00000  -1.00000   1.00000  -1.00000  -1.00000   1.00000  -1.00000  -1.00000   1.00000  -1.00000   1.00000  -1.00000   1.00000  -1.00000   1.00000  -1.00000   1.00000  -1.00000   1.00000   1.00000  -1.00000   1.00000  
  21   2.00000   1.94188   1.77091   1.49702   1.13613   0.70921   0.24107  -0.24107  -0.70921  -1.13613  -1.49702  -1.77091  -1.94188  -2.00000   0.00000   0.00000  -2.00000   1.94188   1.77091   1.49702   1.13613   0.70921   0.24107  -0.24107  -0.70921  -1.13613  -1.49702  -1.77091  -1.94188   2.00000   0.00000   0.00000  
  22   2.00000   1.77091   1.13613   0.24107  -0.70921  -1.49702  -1.94188  -1.94188  -1.49702  -0.70921   0.24107   1.13613   1.77091   2.00000   0.00000   0.00000  -2.00000  -1.77091  -1.13613  -0.24107   0.70921   1.49702   1.94188   1.94188   1.49702   0.70921  -0.24107  -1.13613  -1.77091  -2.00000   0.00000   0.00000  
  23   2.00000   1.49702   0.24107  -1.13613  -1.94188  -1.77091  -0.70921   0.70921   1.77091   1.94188   1.13613  -0.24107  -1.49702  -2.00000   0.00000   0.00000  -2.00000   1.49702   0.24107  -1.13613  -1.94188  -1.77091  -0.70921   0.70921   1.77091   1.94188   1.13613  -0.24107  -1.49702   2.00000   0.00000   0.00000  
  24   2.00000   1.13613  -0.70921  -1.94188  -1.49702   0.24107   1.77091   1.77091   0.24107  -1.49702  -1.94188  -0.70921   1.13613   2.00000   0.00000   0.00000  -2.00000  -1.13613   0.70921   1.94188   1.49702  -0.24107  -1.77091  -1.77091  -0.24107   1.49702   1.94188   0.70921  -1.13613  -2.00000   0.00000   0.00000  
  25   2.00000   0.70921  -1.49702  -1.77091   0.24107   1.94188   1.13613  -1.13613  -1.94188  -0.24107   1.77091   1.49702  -0.70921  -2.00000   0.00000   0.00000  -2.00000   0.70921  -1.49702  -1.77091   0.24107   1.94188   1.13613  -1.13613  -1.94188  -0.24107   1.77091   1.49702  -0.70921   2.00000   0.00000   0.00000  
  26   2.00000   0.24107  -1.94188  -0.70921   1.77091   1.13613  -1.49702  -1.49702   1.13613   1.77091  -0.70921  -1.94188   0.24107   2.00000   0.00000   0.00000  -2.00000  -0.24107   1.94188   0.70921  -1.77091  -1.13613   1.49702   1.49702  -1.13613  -1.77091   0.70921   1.94188  -0.24107  -2.00000   0.00000   0.00000  
  27   2.00000  -0.24107  -1.94188   0.70921   1.77091  -1.13613  -1.49702   1.49702   1.13613  -1.77091  -0.70921   1.94188   0.24107  -2.00000   0.00000   0.00000  -2.00000  -0.24107  -1.94188   0.70921   1.77091  -1.13613  -1.49702   1.49702   1.13613  -1.77091  -0.70921   1.94188   0.24107   2.00000   0.00000   0.00000  
  28   2.00000  -0.70921  -1.49702   1.77091   0.24107  -1.94188   1.13613   1.13613  -1.94188   0.24107   1.77091  -1.49702  -0.70921   2.00000   0.00000   0.00000  -2.00000   0.70921   1.49702  -1.77091  -0.24107   1.94188  -1.13613  -1.13613   1.94188  -0.24107  -1.77091   1.49702   0.70921  -2.00000   0.00000   0.00000  
  29   2.00000  -1.13613  -0.70921   1.94188  -1.49702  -0.24107   1.77091  -1.77091   0.24107   1.49702  -1.94188   0.70921   1.13613  -2.00000   0.00000   0.00000  -2.00000  -1.13613  -0.70921   1.94188  -1.49702  -0.24107   1.77091  -1.77091   0.24107   1.49702  -1.94188   0.70921   1.13613   2.00000   0.00000   0.00000  
  30   2.00000  -1.49702   0.24107   1.13613  -1.94188   1.77091  -0.70921  -0.70921   1.77091  -1.94188   1.13613   0.24107  -1.49702   2.00000   0.00000   0.00000  -2.00000   1.49702  -0.24107  -1.13613   1.94188  -1.77091   0.70921   0.70921  -1.77091   1.94188  -1.13613  -0.24107   1.49702  -2.00000   0.00000   0.00000  
  31   2.00000  -1.77091   1.13613  -0.24107  -0.70921   1.49702  -1.94188   1.94188  -1.49702   0.70921   0.24107  -1.13613   1.77091  -2.00000   0.00000   0.00000  -2.00000  -1.77091   1.13613  -0.24107  -0.70921   1.49702  -1.94188   1.94188  -1.49702   0.70921   0.24107  -1.13613   1.77091   2.00000   0.00000   0.00000  
  32   2.00000  -1.94188   1.77091  -1.49702   1.13613  -0.70921   0.24107   0.24107  -0.70921   1.13613  -1.49702   1.77091  -1.94188   2.00000   0.00000   0.00000  -2.00000   1.94188  -1.77091   1.49702  -1.13613   0.70921  -0.24107  -0.24107   0.70921  -1.13613   1.49702  -1.77091   1.94188  -2.00000   0.00000   0.00000  

