Group	D27h 
n	30

     	Irred     	Operation
   1 	 A1'        	 E         
   2 	 A1"        	 C27       
   3 	 A2'        	 C27^2     
   4 	 A2"        	 C9        
   5 	 E1'        	 C27^4     
   6 	 E1"        	 C27^5     
   7 	 E2'        	 C9^2      
   8 	 E2"        	 C27^7     
   9 	 E3'        	 C27^8     
  10 	 E3"        	 C3        
  11 	 E4'        	 C27^10    
  12 	 E4"        	 C27^11    
  13 	 E5'        	 C9^4      
  14 	 E5"        	 C27^13    
  15 	 E6'        	 C2'       
  16 	 E6"        	 sh        
  17 	 E7'        	 S27       
  18 	 E7"        	 S9        
  19 	 E8'        	 S27^5     
  20 	 E8"        	 S27^7     
  21 	 E9'        	 S3        
  22 	 E9"        	 S27^11    
  23 	 E10'       	 S27^13    
  24 	 E10"       	 S9^5      
  25 	 E11'       	 S27^17    
  26 	 E11"       	 S27^19    
  27 	 E12'       	 S9^7      
  28 	 E12"       	 S27^23    
  29 	 E13'       	 S27^25    
  30 	 E13"       	 sv        

Table
         1         2         3         4         5         6         7         8         9         10        11        12        13        14        15        16        17        18        19        20        21        22        23        24        25        26        27        28        29        30     
   1   1.00000   1.00000   1.00000   1.00000   1.00000   1.00000   1.00000   1.00000   1.00000   1.00000   1.00000   1.00000   1.00000   1.00000   1.00000   1.00000   1.00000   1.00000   1.00000   1.00000   1.00000   1.00000   1.00000   1.00000   1.00000   1.00000   1.00000   1.00000   1.00000   1.00000  
   2   1.00000   1.00000   1.00000   1.00000   1.00000   1.00000   1.00000   1.00000   1.00000   1.00000   1.00000   1.00000   1.00000   1.00000   1.00000  -1.00000  -1.00000  -1.00000  -1.00000  -1.00000  -1.00000  -1.00000  -1.00000  -1.00000  -1.00000  -1.00000  -1.00000  -1.00000  -1.00000  -1.00000  
   3   1.00000   1.00000   1.00000   1.00000   1.00000   1.00000   1.00000   1.00000   1.00000   1.00000   1.00000   1.00000   1.00000   1.00000  -1.00000   1.00000   1.00000   1.00000   1.00000   1.00000   1.00000   1.00000   1.00000   1.00000   1.00000   1.00000   1.00000   1.00000   1.00000  -1.00000  
   4   1.00000   1.00000   1.00000   1.00000   1.00000   1.00000   1.00000   1.00000   1.00000   1.00000   1.00000   1.00000   1.00000   1.00000  -1.00000  -1.00000  -1.00000  -1.00000  -1.00000  -1.00000  -1.00000  -1.00000  -1.00000  -1.00000  -1.00000  -1.00000  -1.00000  -1.00000  -1.00000   1.00000  
   5   2.00000   1.94609   1.78727   1.53209   1.19432   0.79216   0.34730  -0.11629  -0.57361  -1.00000  -1.37248  -1.67098  -1.87939  -1.98648   0.00000   2.00000   1.94609   1.53209   0.79216  -0.11629  -1.00000  -1.67098  -1.98648  -1.87939  -1.37248  -0.57361   0.34730   1.19432   1.78727   0.00000  
   6   2.00000   1.94609   1.78727   1.53209   1.19432   0.79216   0.34730  -0.11629  -0.57361  -1.00000  -1.37248  -1.67098  -1.87939  -1.98648   0.00000  -2.00000  -1.94609  -1.53209  -0.79216   0.11629   1.00000   1.67098   1.98648   1.87939   1.37248   0.57361  -0.34730  -1.19432  -1.78727   0.00000  
   7   2.00000   1.78727   1.19432   0.34730  -0.57361  -1.37248  -1.87939  -1.98648  -1.67098  -1.00000  -0.11629   0.79216   1.53209   1.94609   0.00000   2.00000   1.78727   0.34730  -1.37248  -1.98648  -1.00000   0.79216   1.94609   1.53209  -0.11629  -1.67098  -1.87939  -0.57361   1.19432   0.00000  
   8   2.00000   1.78727   1.19432   0.34730  -0.57361  -1.37248  -1.87939  -1.98648  -1.67098  -1.00000  -0.11629   0.79216   1.53209   1.94609   0.00000  -2.00000  -1.78727  -0.34730   1.37248   1.98648   1.00000  -0.79216  -1.94609  -1.53209   0.11629   1.67098   1.87939   0.57361  -1.19432   0.00000  
   9   2.00000   1.53209   0.34730  -1.00000  -1.87939  -1.87939  -1.00000   0.34730   1.53209   2.00000   1.53209   0.34730  -1.00000  -1.87939   0.00000   2.00000   1.53209  -1.00000  -1.87939   0.34730   2.00000   0.34730  -1.87939  -1.00000   1.53209   1.53209  -1.00000  -1.87939   0.34730   0.00000  
  10   2.00000   1.53209   0.34730  -1.00000  -1.87939  -1.87939  -1.00000   0.34730   1.53209   2.00000   1.53209   0.34730  -1.00000  -1.87939   0.00000  -2.00000  -1.53209   1.00000   1.87939  -0.34730  -2.00000  -0.34730   1.87939   1.00000  -1.53209  -1.53209   1.00000   1.87939  -0.34730   0.00000  
  11   2.00000   1.19432  -0.57361  -1.87939  -1.67098  -0.11629   1.53209   1.94609   0.79216  -1.00000  -1.98648  -1.37248   0.34730   1.78727   0.00000   2.00000   1.19432  -1.87939  -0.11629   1.94609  -1.00000  -1.37248   1.78727   0.34730  -1.98648   0.79216   1.53209  -1.67098  -0.57361   0.00000  
  12   2.00000   1.19432  -0.57361  -1.87939  -1.67098  -0.11629   1.53209   1.94609   0.79216  -1.00000  -1.98648  -1.37248   0.34730   1.78727   0.00000  -2.00000  -1.19432   1.87939   0.11629  -1.94609   1.00000   1.37248  -1.78727  -0.34730   1.98648  -0.79216  -1.53209   1.67098   0.57361   0.00000  
  13   2.00000   0.79216  -1.37248  -1.87939  -0.11629   1.78727   1.53209  -0.57361  -1.98648  -1.00000   1.19432   1.94609   0.34730  -1.67098   0.00000   2.00000   0.79216  -1.87939   1.78727  -0.57361  -1.00000   1.94609  -1.67098   0.34730   1.19432  -1.98648   1.53209  -0.11629  -1.37248   0.00000  
  14   2.00000   0.79216  -1.37248  -1.87939  -0.11629   1.78727   1.53209  -0.57361  -1.98648  -1.00000   1.19432   1.94609   0.34730  -1.67098   0.00000  -2.00000  -0.79216   1.87939  -1.78727   0.57361   1.00000  -1.94609   1.67098  -0.34730  -1.19432   1.98648  -1.53209   0.11629   1.37248   0.00000  
  15   2.00000   0.34730  -1.87939  -1.00000   1.53209   1.53209  -1.00000  -1.87939   0.34730   2.00000   0.34730  -1.87939  -1.00000   1.53209   0.00000   2.00000   0.34730  -1.00000   1.53209  -1.87939   2.00000  -1.87939   1.53209  -1.00000   0.34730   0.34730  -1.00000   1.53209  -1.87939   0.00000  
  16   2.00000   0.34730  -1.87939  -1.00000   1.53209   1.53209  -1.00000  -1.87939   0.34730   2.00000   0.34730  -1.87939  -1.00000   1.53209   0.00000  -2.00000  -0.34730   1.00000  -1.53209   1.87939  -2.00000   1.87939  -1.53209   1.00000  -0.34730  -0.34730   1.00000  -1.53209   1.87939   0.00000  
  17   2.00000  -0.11629  -1.98648   0.34730   1.94609  -0.57361  -1.87939   0.79216   1.78727  -1.00000  -1.67098   1.19432   1.53209  -1.37248   0.00000   2.00000  -0.11629   0.34730  -0.57361   0.79216  -1.00000   1.19432  -1.37248   1.53209  -1.67098   1.78727  -1.87939   1.94609  -1.98648   0.00000  
  18   2.00000  -0.11629  -1.98648   0.34730   1.94609  -0.57361  -1.87939   0.79216   1.78727  -1.00000  -1.67098   1.19432   1.53209  -1.37248   0.00000  -2.00000   0.11629  -0.34730   0.57361  -0.79216   1.00000  -1.19432   1.37248  -1.53209   1.67098  -1.78727   1.87939  -1.94609   1.98648   0.00000  
  19   2.00000  -0.57361  -1.67098   1.53209   0.79216  -1.98648   0.34730   1.78727  -1.37248  -1.00000   1.94609  -0.11629  -1.87939   1.19432   0.00000   2.00000  -0.57361   1.53209  -1.98648   1.78727  -1.00000  -0.11629   1.19432  -1.87939   1.94609  -1.37248   0.34730   0.79216  -1.67098   0.00000  
  20   2.00000  -0.57361  -1.67098   1.53209   0.79216  -1.98648   0.34730   1.78727  -1.37248  -1.00000   1.94609  -0.11629  -1.87939   1.19432   0.00000  -2.00000   0.57361  -1.53209   1.98648  -1.78727   1.00000   0.11629  -1.19432   1.87939  -1.94609   1.37248  -0.34730  -0.79216   1.67098   0.00000  
  21   2.00000  -1.00000  -1.00000   2.00000  -1.00000  -1.00000   2.00000  -1.00000  -1.00000   2.00000  -1.00000  -1.00000   2.00000  -1.00000   0.00000   2.00000  -1.00000   2.00000  -1.00000  -1.00000   2.00000  -1.00000  -1.00000   2.00000  -1.00000  -1.00000   2.00000  -1.00000  -1.00000   0.00000  
  22   2.00000  -1.00000  -1.00000   2.00000  -1.00000  -1.00000   2.00000  -1.00000  -1.00000   2.00000  -1.00000  -1.00000   2.00000  -1.00000   0.00000  -2.00000   1.00000  -2.00000   1.00000   1.00000  -2.00000   1.00000   1.00000  -2.00000   1.00000   1.00000  -2.00000   1.00000   1.00000   0.00000  
  23   2.00000  -1.37248  -0.11629   1.53209  -1.98648   1.19432   0.34730  -1.67098   1.94609  -1.00000  -0.57361   1.78727  -1.87939   0.79216   0.00000   2.00000  -1.37248   1.53209   1.19432  -1.67098  -1.00000   1.78727   0.79216  -1.87939  -0.57361   1.94609   0.34730  -1.98648  -0.11629   0.00000  
  24   2.00000  -1.37248  -0.11629   1.53209  -1.98648   1.19432   0.34730  -1.67098   1.94609  -1.00000  -0.57361   1.78727  -1.87939   0.79216   0.00000  -2.00000   1.37248  -1.53209  -1.19432   1.67098   1.00000  -1.78727  -0.79216   1.87939   0.57361  -1.94609  -0.34730   1.98648   0.11629   0.00000  
  25   2.00000  -1.67098   0.79216   0.34730  -1.37248   1.94609  -1.87939   1.19432  -0.11629  -1.00000   1.78727  -1.98648   1.53209  -0.57361   0.00000   2.00000  -1.67098   0.34730   1.94609   1.19432  -1.00000  -1.98648  -0.57361   1.53209   1.78727  -0.11629  -1.87939  -1.37248   0.79216   0.00000  
  26   2.00000  -1.67098   0.79216   0.34730  -1.37248   1.94609  -1.87939   1.19432  -0.11629  -1.00000   1.78727  -1.98648   1.53209  -0.57361   0.00000  -2.00000   1.67098  -0.34730  -1.94609  -1.19432   1.00000   1.98648   0.57361  -1.53209  -1.78727   0.11629   1.87939   1.37248  -0.79216   0.00000  
  27   2.00000  -1.87939   1.53209  -1.00000   0.34730   0.34730  -1.00000   1.53209  -1.87939   2.00000  -1.87939   1.53209  -1.00000   0.34730   0.00000   2.00000  -1.87939  -1.00000   0.34730   1.53209   2.00000   1.53209   0.34730  -1.00000  -1.87939  -1.87939  -1.00000   0.34730   1.53209   0.00000  
  28   2.00000  -1.87939   1.53209  -1.00000   0.34730   0.34730  -1.00000   1.53209  -1.87939   2.00000  -1.87939   1.53209  -1.00000   0.34730   0.00000  -2.00000   1.87939   1.00000  -0.34730  -1.53209  -2.00000  -1.53209  -0.34730   1.00000   1.87939   1.87939   1.00000  -0.34730  -1.53209   0.00000  
  29   2.00000  -1.98648   1.94609  -1.87939   1.78727  -1.67098   1.53209  -1.37248   1.19432  -1.00000   0.79216  -0.57361   0.34730  -0.11629   0.00000   2.00000  -1.98648  -1.87939  -1.67098  -1.37248  -1.00000  -0.57361  -0.11629   0.34730   0.79216   1.19432   1.53209   1.78727   1.94609   0.00000  
  30   2.00000  -1.98648   1.94609  -1.87939   1.78727  -1.67098   1.53209  -1.37248   1.19432  -1.00000   0.79216  -0.57361   0.34730  -0.11629   0.00000  -2.00000   1.98648   1.87939   1.67098   1.37248   1.00000   0.57361   0.11629  -0.34730  -0.79216  -1.19432  -1.53209  -1.78727  -1.94609   0.00000  

