Group	D28h 
n	34

     	Irred     	Operation
   1 	 A1g        	 E         
   2 	 A2g        	 C28       
   3 	 B1g        	 C14       
   4 	 B2g        	 C28^3     
   5 	 E1g        	 C7        
   6 	 E2g        	 C28^5     
   7 	 E3g        	 C14^3     
   8 	 E4g        	 C4        
   9 	 E5g        	 C7^2      
  10 	 E6g        	 C28^9     
  11 	 E7g        	 C14^5     
  12 	 E8g        	 C28^11    
  13 	 E9g        	 C7^3      
  14 	 E10g       	 C28^13    
  15 	 E11g       	 C2        
  16 	 E12g       	 C2'       
  17 	 E13g       	 C2"       
  18 	 A1u        	 i         
  19 	 A2u        	 S28       
  20 	 B1u        	 S14       
  21 	 B2u        	 S28^3     
  22 	 E1u        	 S7        
  23 	 E2u        	 S28^5     
  24 	 E3u        	 S14^3     
  25 	 E4u        	 S4        
  26 	 E5u        	 S7^2      
  27 	 E6u        	 S28^9     
  28 	 E7u        	 S14^5     
  29 	 E8u        	 S28^11    
  30 	 E9u        	 S7^3      
  31 	 E10u       	 S28^13    
  32 	 E11u       	 sh        
  33 	 E12u       	 sv        
  34 	 E13u       	 sd        

Table
         1         2         3         4         5         6         7         8         9         10        11        12        13        14        15        16        17        18        19        20        21        22        23        24        25        26        27        28        29        30        31        32        33        34     
   1   1.00000   1.00000   1.00000   1.00000   1.00000   1.00000   1.00000   1.00000   1.00000   1.00000   1.00000   1.00000   1.00000   1.00000   1.00000   1.00000   1.00000   1.00000   1.00000   1.00000   1.00000   1.00000   1.00000   1.00000   1.00000   1.00000   1.00000   1.00000   1.00000   1.00000   1.00000   1.00000   1.00000   1.00000  
   2   1.00000   1.00000   1.00000   1.00000   1.00000   1.00000   1.00000   1.00000   1.00000   1.00000   1.00000   1.00000   1.00000   1.00000   1.00000  -1.00000  -1.00000   1.00000   1.00000   1.00000   1.00000   1.00000   1.00000   1.00000   1.00000   1.00000   1.00000   1.00000   1.00000   1.00000   1.00000   1.00000  -1.00000  -1.00000  
   3   1.00000  -1.00000   1.00000  -1.00000   1.00000  -1.00000   1.00000  -1.00000   1.00000  -1.00000   1.00000  -1.00000   1.00000  -1.00000   1.00000   1.00000  -1.00000   1.00000  -1.00000   1.00000  -1.00000   1.00000  -1.00000   1.00000  -1.00000   1.00000  -1.00000   1.00000  -1.00000   1.00000  -1.00000   1.00000   1.00000  -1.00000  
   4   1.00000  -1.00000   1.00000  -1.00000   1.00000  -1.00000   1.00000  -1.00000   1.00000  -1.00000   1.00000  -1.00000   1.00000  -1.00000   1.00000  -1.00000   1.00000   1.00000  -1.00000   1.00000  -1.00000   1.00000  -1.00000   1.00000  -1.00000   1.00000  -1.00000   1.00000  -1.00000   1.00000  -1.00000   1.00000  -1.00000   1.00000  
   5   2.00000   1.94986   1.80194   1.56366   1.24698   0.86777   0.44504   0.00000  -0.44504  -0.86777  -1.24698  -1.56366  -1.80194  -1.94986  -2.00000   0.00000   0.00000   2.00000  -1.94986  -1.80194  -1.56366  -1.24698  -0.86777  -0.44504   0.00000   0.44504   0.86777   1.24698   1.56366   1.80194   1.94986  -2.00000   0.00000   0.00000  
   6   2.00000   1.80194   1.24698   0.44504  -0.44504  -1.24698  -1.80194  -2.00000  -1.80194  -1.24698  -0.44504   0.44504   1.24698   1.80194   2.00000   0.00000   0.00000   2.00000   1.80194   1.24698   0.44504  -0.44504  -1.24698  -1.80194  -2.00000  -1.80194  -1.24698  -0.44504   0.44504   1.24698   1.80194   2.00000   0.00000   0.00000  
   7   2.00000   1.56366   0.44504  -0.86777  -1.80194  -1.94986  -1.24698   0.00000   1.24698   1.94986   1.80194   0.86777  -0.44504  -1.56366  -2.00000   0.00000   0.00000   2.00000  -1.56366  -0.44504   0.86777   1.80194   1.94986   1.24698   0.00000  -1.24698  -1.94986  -1.80194  -0.86777   0.44504   1.56366  -2.00000   0.00000   0.00000  
   8   2.00000   1.24698  -0.44504  -1.80194  -1.80194  -0.44504   1.24698   2.00000   1.24698  -0.44504  -1.80194  -1.80194  -0.44504   1.24698   2.00000   0.00000   0.00000   2.00000   1.24698  -0.44504  -1.80194  -1.80194  -0.44504   1.24698   2.00000   1.24698  -0.44504  -1.80194  -1.80194  -0.44504   1.24698   2.00000   0.00000   0.00000  
   9   2.00000   0.86777  -1.24698  -1.94986  -0.44504   1.56366   1.80194   0.00000  -1.80194  -1.56366   0.44504   1.94986   1.24698  -0.86777  -2.00000   0.00000   0.00000   2.00000  -0.86777   1.24698   1.94986   0.44504  -1.56366  -1.80194   0.00000   1.80194   1.56366  -0.44504  -1.94986  -1.24698   0.86777  -2.00000   0.00000   0.00000  
  10   2.00000   0.44504  -1.80194  -1.24698   1.24698   1.80194  -0.44504  -2.00000  -0.44504   1.80194   1.24698  -1.24698  -1.80194   0.44504   2.00000   0.00000   0.00000   2.00000   0.44504  -1.80194  -1.24698   1.24698   1.80194  -0.44504  -2.00000  -0.44504   1.80194   1.24698  -1.24698  -1.80194   0.44504   2.00000   0.00000   0.00000  
  11   2.00000   0.00000  -2.00000   0.00000   2.00000   0.00000  -2.00000   0.00000   2.00000   0.00000  -2.00000   0.00000   2.00000   0.00000  -2.00000   0.00000   0.00000   2.00000   0.00000   2.00000   0.00000  -2.00000   0.00000   2.00000   0.00000  -2.00000   0.00000   2.00000   0.00000  -2.00000   0.00000  -2.00000   0.00000   0.00000  
  12   2.00000  -0.44504  -1.80194   1.24698   1.24698  -1.80194  -0.44504   2.00000  -0.44504  -1.80194   1.24698   1.24698  -1.80194  -0.44504   2.00000   0.00000   0.00000   2.00000  -0.44504  -1.80194   1.24698   1.24698  -1.80194  -0.44504   2.00000  -0.44504  -1.80194   1.24698   1.24698  -1.80194  -0.44504   2.00000   0.00000   0.00000  
  13   2.00000  -0.86777  -1.24698   1.94986  -0.44504  -1.56366   1.80194   0.00000  -1.80194   1.56366   0.44504  -1.94986   1.24698   0.86777  -2.00000   0.00000   0.00000   2.00000   0.86777   1.24698  -1.94986   0.44504   1.56366  -1.80194   0.00000   1.80194  -1.56366  -0.44504   1.94986  -1.24698  -0.86777  -2.00000   0.00000   0.00000  
  14   2.00000  -1.24698  -0.44504   1.80194  -1.80194   0.44504   1.24698  -2.00000   1.24698   0.44504  -1.80194   1.80194  -0.44504  -1.24698   2.00000   0.00000   0.00000   2.00000  -1.24698  -0.44504   1.80194  -1.80194   0.44504   1.24698  -2.00000   1.24698   0.44504  -1.80194   1.80194  -0.44504  -1.24698   2.00000   0.00000   0.00000  
  15   2.00000  -1.56366   0.44504   0.86777  -1.80194   1.94986  -1.24698   0.00000   1.24698  -1.94986   1.80194  -0.86777  -0.44504   1.56366  -2.00000   0.00000   0.00000   2.00000   1.56366  -0.44504  -0.86777   1.80194  -1.94986   1.24698   0.00000  -1.24698   1.94986  -1.80194   0.86777   0.44504  -1.56366  -2.00000   0.00000   0.00000  
  16   2.00000  -1.80194   1.24698  -0.44504  -0.44504   1.24698  -1.80194   2.00000  -1.80194   1.24698  -0.44504  -0.44504   1.24698  -1.80194   2.00000   0.00000   0.00000   2.00000  -1.80194   1.24698  -0.44504  -0.44504   1.24698  -1.80194   2.00000  -1.80194   1.24698  -0.44504  -0.44504   1.24698  -1.80194   2.00000   0.00000   0.00000  
  17   2.00000  -1.94986   1.80194  -1.56366   1.24698  -0.86777   0.44504   0.00000  -0.44504   0.86777  -1.24698   1.56366  -1.80194   1.94986  -2.00000   0.00000   0.00000   2.00000   1.94986  -1.80194   1.56366  -1.24698   0.86777  -0.44504   0.00000   0.44504  -0.86777   1.24698  -1.56366   1.80194  -1.94986  -2.00000   0.00000   0.00000  
  18   1.00000   1.00000   1.00000   1.00000   1.00000   1.00000   1.00000   1.00000   1.00000   1.00000   1.00000   1.00000   1.00000   1.00000   1.00000   1.00000   1.00000  -1.00000  -1.00000  -1.00000  -1.00000  -1.00000  -1.00000  -1.00000  -1.00000  -1.00000  -1.00000  -1.00000  -1.00000  -1.00000  -1.00000  -1.00000  -1.00000  -1.00000  
  19   1.00000   1.00000   1.00000   1.00000   1.00000   1.00000   1.00000   1.00000   1.00000   1.00000   1.00000   1.00000   1.00000   1.00000   1.00000  -1.00000  -1.00000  -1.00000  -1.00000  -1.00000  -1.00000  -1.00000  -1.00000  -1.00000  -1.00000  -1.00000  -1.00000  -1.00000  -1.00000  -1.00000  -1.00000  -1.00000   1.00000   1.00000  
  20   1.00000  -1.00000   1.00000  -1.00000   1.00000  -1.00000   1.00000  -1.00000   1.00000  -1.00000   1.00000  -1.00000   1.00000  -1.00000   1.00000   1.00000  -1.00000  -1.00000   1.00000  -1.00000   1.00000  -1.00000   1.00000  -1.00000   1.00000  -1.00000   1.00000  -1.00000   1.00000  -1.00000   1.00000  -1.00000  -1.00000   1.00000  
  21   1.00000  -1.00000   1.00000  -1.00000   1.00000  -1.00000   1.00000  -1.00000   1.00000  -1.00000   1.00000  -1.00000   1.00000  -1.00000   1.00000  -1.00000   1.00000  -1.00000   1.00000  -1.00000   1.00000  -1.00000   1.00000  -1.00000   1.00000  -1.00000   1.00000  -1.00000   1.00000  -1.00000   1.00000  -1.00000   1.00000  -1.00000  
  22   2.00000   1.94986   1.80194   1.56366   1.24698   0.86777   0.44504   0.00000  -0.44504  -0.86777  -1.24698  -1.56366  -1.80194  -1.94986  -2.00000   0.00000   0.00000  -2.00000   1.94986   1.80194   1.56366   1.24698   0.86777   0.44504   0.00000  -0.44504  -0.86777  -1.24698  -1.56366  -1.80194  -1.94986   2.00000   0.00000   0.00000  
  23   2.00000   1.80194   1.24698   0.44504  -0.44504  -1.24698  -1.80194  -2.00000  -1.80194  -1.24698  -0.44504   0.44504   1.24698   1.80194   2.00000   0.00000   0.00000  -2.00000  -1.80194  -1.24698  -0.44504   0.44504   1.24698   1.80194   2.00000   1.80194   1.24698   0.44504  -0.44504  -1.24698  -1.80194  -2.00000   0.00000   0.00000  
  24   2.00000   1.56366   0.44504  -0.86777  -1.80194  -1.94986  -1.24698   0.00000   1.24698   1.94986   1.80194   0.86777  -0.44504  -1.56366  -2.00000   0.00000   0.00000  -2.00000   1.56366   0.44504  -0.86777  -1.80194  -1.94986  -1.24698   0.00000   1.24698   1.94986   1.80194   0.86777  -0.44504  -1.56366   2.00000   0.00000   0.00000  
  25   2.00000   1.24698  -0.44504  -1.80194  -1.80194  -0.44504   1.24698   2.00000   1.24698  -0.44504  -1.80194  -1.80194  -0.44504   1.24698   2.00000   0.00000   0.00000  -2.00000  -1.24698   0.44504   1.80194   1.80194   0.44504  -1.24698  -2.00000  -1.24698   0.44504   1.80194   1.80194   0.44504  -1.24698  -2.00000   0.00000   0.00000  
  26   2.00000   0.86777  -1.24698  -1.94986  -0.44504   1.56366   1.80194   0.00000  -1.80194  -1.56366   0.44504   1.94986   1.24698  -0.86777  -2.00000   0.00000   0.00000  -2.00000   0.86777  -1.24698  -1.94986  -0.44504   1.56366   1.80194   0.00000  -1.80194  -1.56366   0.44504   1.94986   1.24698  -0.86777   2.00000   0.00000   0.00000  
  27   2.00000   0.44504  -1.80194  -1.24698   1.24698   1.80194  -0.44504  -2.00000  -0.44504   1.80194   1.24698  -1.24698  -1.80194   0.44504   2.00000   0.00000   0.00000  -2.00000  -0.44504   1.80194   1.24698  -1.24698  -1.80194   0.44504   2.00000   0.44504  -1.80194  -1.24698   1.24698   1.80194  -0.44504  -2.00000   0.00000   0.00000  
  28   2.00000   0.00000  -2.00000   0.00000   2.00000   0.00000  -2.00000   0.00000   2.00000   0.00000  -2.00000   0.00000   2.00000   0.00000  -2.00000   0.00000   0.00000  -2.00000   0.00000  -2.00000   0.00000   2.00000   0.00000  -2.00000   0.00000   2.00000   0.00000  -2.00000   0.00000   2.00000   0.00000   2.00000   0.00000   0.00000  
  29   2.00000  -0.44504  -1.80194   1.24698   1.24698  -1.80194  -0.44504   2.00000  -0.44504  -1.80194   1.24698   1.24698  -1.80194  -0.44504   2.00000   0.00000   0.00000  -2.00000   0.44504   1.80194  -1.24698  -1.24698   1.80194   0.44504  -2.00000   0.44504   1.80194  -1.24698  -1.24698   1.80194   0.44504  -2.00000   0.00000   0.00000  
  30   2.00000  -0.86777  -1.24698   1.94986  -0.44504  -1.56366   1.80194   0.00000  -1.80194   1.56366   0.44504  -1.94986   1.24698   0.86777  -2.00000   0.00000   0.00000  -2.00000  -0.86777  -1.24698   1.94986  -0.44504  -1.56366   1.80194   0.00000  -1.80194   1.56366   0.44504  -1.94986   1.24698   0.86777   2.00000   0.00000   0.00000  
  31   2.00000  -1.24698  -0.44504   1.80194  -1.80194   0.44504   1.24698  -2.00000   1.24698   0.44504  -1.80194   1.80194  -0.44504  -1.24698   2.00000   0.00000   0.00000  -2.00000   1.24698   0.44504  -1.80194   1.80194  -0.44504  -1.24698   2.00000  -1.24698  -0.44504   1.80194  -1.80194   0.44504   1.24698  -2.00000   0.00000   0.00000  
  32   2.00000  -1.56366   0.44504   0.86777  -1.80194   1.94986  -1.24698   0.00000   1.24698  -1.94986   1.80194  -0.86777  -0.44504   1.56366  -2.00000   0.00000   0.00000  -2.00000  -1.56366   0.44504   0.86777  -1.80194   1.94986  -1.24698   0.00000   1.24698  -1.94986   1.80194  -0.86777  -0.44504   1.56366   2.00000   0.00000   0.00000  
  33   2.00000  -1.80194   1.24698  -0.44504  -0.44504   1.24698  -1.80194   2.00000  -1.80194   1.24698  -0.44504  -0.44504   1.24698  -1.80194   2.00000   0.00000   0.00000  -2.00000   1.80194  -1.24698   0.44504   0.44504  -1.24698   1.80194  -2.00000   1.80194  -1.24698   0.44504   0.44504  -1.24698   1.80194  -2.00000   0.00000   0.00000  
  34   2.00000  -1.94986   1.80194  -1.56366   1.24698  -0.86777   0.44504   0.00000  -0.44504   0.86777  -1.24698   1.56366  -1.80194   1.94986  -2.00000   0.00000   0.00000  -2.00000  -1.94986   1.80194  -1.56366   1.24698  -0.86777   0.44504   0.00000  -0.44504   0.86777  -1.24698   1.56366  -1.80194   1.94986   2.00000   0.00000   0.00000  

