Group	D29 
n	16

     	Irred     	Operation
   1 	 A1         	 E         
   2 	 A2         	 C29       
   3 	 E1         	 C29^2     
   4 	 E2         	 C29^3     
   5 	 E3         	 C29^4     
   6 	 E4         	 C29^5     
   7 	 E5         	 C29^6     
   8 	 E6         	 C29^7     
   9 	 E7         	 C29^8     
  10 	 E8         	 C29^9     
  11 	 E9         	 C29^10    
  12 	 E10        	 C29^11    
  13 	 E11        	 C29^12    
  14 	 E12        	 C29^13    
  15 	 E13        	 C29^14    
  16 	 E14        	 C2'       

Table
         1         2         3         4         5         6         7         8         9         10        11        12        13        14        15        16     
   1   1.00000   1.00000   1.00000   1.00000   1.00000   1.00000   1.00000   1.00000   1.00000   1.00000   1.00000   1.00000   1.00000   1.00000   1.00000   1.00000  
   2   1.00000   1.00000   1.00000   1.00000   1.00000   1.00000   1.00000   1.00000   1.00000   1.00000   1.00000   1.00000   1.00000   1.00000   1.00000  -1.00000  
   3   2.00000   1.95324   1.81515   1.59219   1.29477   0.93682   0.53506   0.10828  -0.32356  -0.74028  -1.12237  -1.45199  -1.71371  -1.89531  -1.98828   0.00000  
   4   2.00000   1.81515   1.29477   0.53506  -0.32356  -1.12237  -1.71371  -1.98828  -1.89531  -1.45199  -0.74028   0.10828   0.93682   1.59219   1.95324   0.00000  
   5   2.00000   1.59219   0.53506  -0.74028  -1.71371  -1.98828  -1.45199  -0.32356   0.93682   1.81515   1.95324   1.29477   0.10828  -1.12237  -1.89531   0.00000  
   6   2.00000   1.29477  -0.32356  -1.71371  -1.89531  -0.74028   0.93682   1.95324   1.59219   0.10828  -1.45199  -1.98828  -1.12237   0.53506   1.81515   0.00000  
   7   2.00000   0.93682  -1.12237  -1.98828  -0.74028   1.29477   1.95324   0.53506  -1.45199  -1.89531  -0.32356   1.59219   1.81515   0.10828  -1.71371   0.00000  
   8   2.00000   0.53506  -1.71371  -1.45199   0.93682   1.95324   0.10828  -1.89531  -1.12237   1.29477   1.81515  -0.32356  -1.98828  -0.74028   1.59219   0.00000  
   9   2.00000   0.10828  -1.98828  -0.32356   1.95324   0.53506  -1.89531  -0.74028   1.81515   0.93682  -1.71371  -1.12237   1.59219   1.29477  -1.45199   0.00000  
  10   2.00000  -0.32356  -1.89531   0.93682   1.59219  -1.45199  -1.12237   1.81515   0.53506  -1.98828   0.10828   1.95324  -0.74028  -1.71371   1.29477   0.00000  
  11   2.00000  -0.74028  -1.45199   1.81515   0.10828  -1.89531   1.29477   0.93682  -1.98828   0.53506   1.59219  -1.71371  -0.32356   1.95324  -1.12237   0.00000  
  12   2.00000  -1.12237  -0.74028   1.95324  -1.45199  -0.32356   1.81515  -1.71371   0.10828   1.59219  -1.89531   0.53506   1.29477  -1.98828   0.93682   0.00000  
  13   2.00000  -1.45199   0.10828   1.29477  -1.98828   1.59219  -0.32356  -1.12237   1.95324  -1.71371   0.53506   0.93682  -1.89531   1.81515  -0.74028   0.00000  
  14   2.00000  -1.71371   0.93682   0.10828  -1.12237   1.81515  -1.98828   1.59219  -0.74028  -0.32356   1.29477  -1.89531   1.95324  -1.45199   0.53506   0.00000  
  15   2.00000  -1.89531   1.59219  -1.12237   0.53506   0.10828  -0.74028   1.29477  -1.71371   1.95324  -1.98828   1.81515  -1.45199   0.93682  -0.32356   0.00000  
  16   2.00000  -1.98828   1.95324  -1.89531   1.81515  -1.71371   1.59219  -1.45199   1.29477  -1.12237   0.93682  -0.74028   0.53506  -0.32356   0.10828   0.00000  

