Group	D29d 
n	32

     	Irred     	Operation
   1 	 A1g        	 E         
   2 	 A2g        	 C29       
   3 	 E1g        	 C29^2     
   4 	 E2g        	 C29^3     
   5 	 E3g        	 C29^4     
   6 	 E4g        	 C29^5     
   7 	 E5g        	 C29^6     
   8 	 E6g        	 C29^7     
   9 	 E7g        	 C29^8     
  10 	 E8g        	 C29^9     
  11 	 E9g        	 C29^10    
  12 	 E10g       	 C29^11    
  13 	 E11g       	 C29^12    
  14 	 E12g       	 C29^13    
  15 	 E13g       	 C29^14    
  16 	 E14g       	 C2'       
  17 	 A1u        	 i         
  18 	 A2u        	 S58       
  19 	 E1u        	 S58^3     
  20 	 E2u        	 S58^5     
  21 	 E3u        	 S58^7     
  22 	 E4u        	 S58^9     
  23 	 E5u        	 S58^11    
  24 	 E6u        	 S58^13    
  25 	 E7u        	 S58^15    
  26 	 E8u        	 S58^17    
  27 	 E9u        	 S58^19    
  28 	 E10u       	 S58^21    
  29 	 E11u       	 S58^23    
  30 	 E12u       	 S58^25    
  31 	 E13u       	 S58^27    
  32 	 E14u       	 sd        

Table
         1         2         3         4         5         6         7         8         9         10        11        12        13        14        15        16        17        18        19        20        21        22        23        24        25        26        27        28        29        30        31        32     
   1   1.00000   1.00000   1.00000   1.00000   1.00000   1.00000   1.00000   1.00000   1.00000   1.00000   1.00000   1.00000   1.00000   1.00000   1.00000   1.00000   1.00000   1.00000   1.00000   1.00000   1.00000   1.00000   1.00000   1.00000   1.00000   1.00000   1.00000   1.00000   1.00000   1.00000   1.00000   1.00000  
   2   1.00000   1.00000   1.00000   1.00000   1.00000   1.00000   1.00000   1.00000   1.00000   1.00000   1.00000   1.00000   1.00000   1.00000   1.00000  -1.00000   1.00000   1.00000   1.00000   1.00000   1.00000   1.00000   1.00000   1.00000   1.00000   1.00000   1.00000   1.00000   1.00000   1.00000   1.00000  -1.00000  
   3   2.00000   1.95324   1.81515   1.59219   1.29477   0.93682   0.53506   0.10828  -0.32356  -0.74028  -1.12237  -1.45199  -1.71371  -1.89531  -1.98828   0.00000   2.00000  -1.98828  -1.89531  -1.71371  -1.45199  -1.12237  -0.74028  -0.32356   0.10828   0.53506   0.93682   1.29477   1.59219   1.81515   1.95324   0.00000  
   4   2.00000   1.81515   1.29477   0.53506  -0.32356  -1.12237  -1.71371  -1.98828  -1.89531  -1.45199  -0.74028   0.10828   0.93682   1.59219   1.95324   0.00000   2.00000   1.95324   1.59219   0.93682   0.10828  -0.74028  -1.45199  -1.89531  -1.98828  -1.71371  -1.12237  -0.32356   0.53506   1.29477   1.81515   0.00000  
   5   2.00000   1.59219   0.53506  -0.74028  -1.71371  -1.98828  -1.45199  -0.32356   0.93682   1.81515   1.95324   1.29477   0.10828  -1.12237  -1.89531   0.00000   2.00000  -1.89531  -1.12237   0.10828   1.29477   1.95324   1.81515   0.93682  -0.32356  -1.45199  -1.98828  -1.71371  -0.74028   0.53506   1.59219   0.00000  
   6   2.00000   1.29477  -0.32356  -1.71371  -1.89531  -0.74028   0.93682   1.95324   1.59219   0.10828  -1.45199  -1.98828  -1.12237   0.53506   1.81515   0.00000   2.00000   1.81515   0.53506  -1.12237  -1.98828  -1.45199   0.10828   1.59219   1.95324   0.93682  -0.74028  -1.89531  -1.71371  -0.32356   1.29477   0.00000  
   7   2.00000   0.93682  -1.12237  -1.98828  -0.74028   1.29477   1.95324   0.53506  -1.45199  -1.89531  -0.32356   1.59219   1.81515   0.10828  -1.71371   0.00000   2.00000  -1.71371   0.10828   1.81515   1.59219  -0.32356  -1.89531  -1.45199   0.53506   1.95324   1.29477  -0.74028  -1.98828  -1.12237   0.93682   0.00000  
   8   2.00000   0.53506  -1.71371  -1.45199   0.93682   1.95324   0.10828  -1.89531  -1.12237   1.29477   1.81515  -0.32356  -1.98828  -0.74028   1.59219   0.00000   2.00000   1.59219  -0.74028  -1.98828  -0.32356   1.81515   1.29477  -1.12237  -1.89531   0.10828   1.95324   0.93682  -1.45199  -1.71371   0.53506   0.00000  
   9   2.00000   0.10828  -1.98828  -0.32356   1.95324   0.53506  -1.89531  -0.74028   1.81515   0.93682  -1.71371  -1.12237   1.59219   1.29477  -1.45199   0.00000   2.00000  -1.45199   1.29477   1.59219  -1.12237  -1.71371   0.93682   1.81515  -0.74028  -1.89531   0.53506   1.95324  -0.32356  -1.98828   0.10828   0.00000  
  10   2.00000  -0.32356  -1.89531   0.93682   1.59219  -1.45199  -1.12237   1.81515   0.53506  -1.98828   0.10828   1.95324  -0.74028  -1.71371   1.29477   0.00000   2.00000   1.29477  -1.71371  -0.74028   1.95324   0.10828  -1.98828   0.53506   1.81515  -1.12237  -1.45199   1.59219   0.93682  -1.89531  -0.32356   0.00000  
  11   2.00000  -0.74028  -1.45199   1.81515   0.10828  -1.89531   1.29477   0.93682  -1.98828   0.53506   1.59219  -1.71371  -0.32356   1.95324  -1.12237   0.00000   2.00000  -1.12237   1.95324  -0.32356  -1.71371   1.59219   0.53506  -1.98828   0.93682   1.29477  -1.89531   0.10828   1.81515  -1.45199  -0.74028   0.00000  
  12   2.00000  -1.12237  -0.74028   1.95324  -1.45199  -0.32356   1.81515  -1.71371   0.10828   1.59219  -1.89531   0.53506   1.29477  -1.98828   0.93682   0.00000   2.00000   0.93682  -1.98828   1.29477   0.53506  -1.89531   1.59219   0.10828  -1.71371   1.81515  -0.32356  -1.45199   1.95324  -0.74028  -1.12237   0.00000  
  13   2.00000  -1.45199   0.10828   1.29477  -1.98828   1.59219  -0.32356  -1.12237   1.95324  -1.71371   0.53506   0.93682  -1.89531   1.81515  -0.74028   0.00000   2.00000  -0.74028   1.81515  -1.89531   0.93682   0.53506  -1.71371   1.95324  -1.12237  -0.32356   1.59219  -1.98828   1.29477   0.10828  -1.45199   0.00000  
  14   2.00000  -1.71371   0.93682   0.10828  -1.12237   1.81515  -1.98828   1.59219  -0.74028  -0.32356   1.29477  -1.89531   1.95324  -1.45199   0.53506   0.00000   2.00000   0.53506  -1.45199   1.95324  -1.89531   1.29477  -0.32356  -0.74028   1.59219  -1.98828   1.81515  -1.12237   0.10828   0.93682  -1.71371   0.00000  
  15   2.00000  -1.89531   1.59219  -1.12237   0.53506   0.10828  -0.74028   1.29477  -1.71371   1.95324  -1.98828   1.81515  -1.45199   0.93682  -0.32356   0.00000   2.00000  -0.32356   0.93682  -1.45199   1.81515  -1.98828   1.95324  -1.71371   1.29477  -0.74028   0.10828   0.53506  -1.12237   1.59219  -1.89531   0.00000  
  16   2.00000  -1.98828   1.95324  -1.89531   1.81515  -1.71371   1.59219  -1.45199   1.29477  -1.12237   0.93682  -0.74028   0.53506  -0.32356   0.10828   0.00000   2.00000   0.10828  -0.32356   0.53506  -0.74028   0.93682  -1.12237   1.29477  -1.45199   1.59219  -1.71371   1.81515  -1.89531   1.95324  -1.98828   0.00000  
  17   1.00000   1.00000   1.00000   1.00000   1.00000   1.00000   1.00000   1.00000   1.00000   1.00000   1.00000   1.00000   1.00000   1.00000   1.00000   1.00000  -1.00000  -1.00000  -1.00000  -1.00000  -1.00000  -1.00000  -1.00000  -1.00000  -1.00000  -1.00000  -1.00000  -1.00000  -1.00000  -1.00000  -1.00000  -1.00000  
  18   1.00000   1.00000   1.00000   1.00000   1.00000   1.00000   1.00000   1.00000   1.00000   1.00000   1.00000   1.00000   1.00000   1.00000   1.00000  -1.00000  -1.00000  -1.00000  -1.00000  -1.00000  -1.00000  -1.00000  -1.00000  -1.00000  -1.00000  -1.00000  -1.00000  -1.00000  -1.00000  -1.00000  -1.00000   1.00000  
  19   2.00000   1.95324   1.81515   1.59219   1.29477   0.93682   0.53506   0.10828  -0.32356  -0.74028  -1.12237  -1.45199  -1.71371  -1.89531  -1.98828   0.00000  -2.00000   1.98828   1.89531   1.71371   1.45199   1.12237   0.74028   0.32356  -0.10828  -0.53506  -0.93682  -1.29477  -1.59219  -1.81515  -1.95324   0.00000  
  20   2.00000   1.81515   1.29477   0.53506  -0.32356  -1.12237  -1.71371  -1.98828  -1.89531  -1.45199  -0.74028   0.10828   0.93682   1.59219   1.95324   0.00000  -2.00000  -1.95324  -1.59219  -0.93682  -0.10828   0.74028   1.45199   1.89531   1.98828   1.71371   1.12237   0.32356  -0.53506  -1.29477  -1.81515   0.00000  
  21   2.00000   1.59219   0.53506  -0.74028  -1.71371  -1.98828  -1.45199  -0.32356   0.93682   1.81515   1.95324   1.29477   0.10828  -1.12237  -1.89531   0.00000  -2.00000   1.89531   1.12237  -0.10828  -1.29477  -1.95324  -1.81515  -0.93682   0.32356   1.45199   1.98828   1.71371   0.74028  -0.53506  -1.59219   0.00000  
  22   2.00000   1.29477  -0.32356  -1.71371  -1.89531  -0.74028   0.93682   1.95324   1.59219   0.10828  -1.45199  -1.98828  -1.12237   0.53506   1.81515   0.00000  -2.00000  -1.81515  -0.53506   1.12237   1.98828   1.45199  -0.10828  -1.59219  -1.95324  -0.93682   0.74028   1.89531   1.71371   0.32356  -1.29477   0.00000  
  23   2.00000   0.93682  -1.12237  -1.98828  -0.74028   1.29477   1.95324   0.53506  -1.45199  -1.89531  -0.32356   1.59219   1.81515   0.10828  -1.71371   0.00000  -2.00000   1.71371  -0.10828  -1.81515  -1.59219   0.32356   1.89531   1.45199  -0.53506  -1.95324  -1.29477   0.74028   1.98828   1.12237  -0.93682   0.00000  
  24   2.00000   0.53506  -1.71371  -1.45199   0.93682   1.95324   0.10828  -1.89531  -1.12237   1.29477   1.81515  -0.32356  -1.98828  -0.74028   1.59219   0.00000  -2.00000  -1.59219   0.74028   1.98828   0.32356  -1.81515  -1.29477   1.12237   1.89531  -0.10828  -1.95324  -0.93682   1.45199   1.71371  -0.53506   0.00000  
  25   2.00000   0.10828  -1.98828  -0.32356   1.95324   0.53506  -1.89531  -0.74028   1.81515   0.93682  -1.71371  -1.12237   1.59219   1.29477  -1.45199   0.00000  -2.00000   1.45199  -1.29477  -1.59219   1.12237   1.71371  -0.93682  -1.81515   0.74028   1.89531  -0.53506  -1.95324   0.32356   1.98828  -0.10828   0.00000  
  26   2.00000  -0.32356  -1.89531   0.93682   1.59219  -1.45199  -1.12237   1.81515   0.53506  -1.98828   0.10828   1.95324  -0.74028  -1.71371   1.29477   0.00000  -2.00000  -1.29477   1.71371   0.74028  -1.95324  -0.10828   1.98828  -0.53506  -1.81515   1.12237   1.45199  -1.59219  -0.93682   1.89531   0.32356   0.00000  
  27   2.00000  -0.74028  -1.45199   1.81515   0.10828  -1.89531   1.29477   0.93682  -1.98828   0.53506   1.59219  -1.71371  -0.32356   1.95324  -1.12237   0.00000  -2.00000   1.12237  -1.95324   0.32356   1.71371  -1.59219  -0.53506   1.98828  -0.93682  -1.29477   1.89531  -0.10828  -1.81515   1.45199   0.74028   0.00000  
  28   2.00000  -1.12237  -0.74028   1.95324  -1.45199  -0.32356   1.81515  -1.71371   0.10828   1.59219  -1.89531   0.53506   1.29477  -1.98828   0.93682   0.00000  -2.00000  -0.93682   1.98828  -1.29477  -0.53506   1.89531  -1.59219  -0.10828   1.71371  -1.81515   0.32356   1.45199  -1.95324   0.74028   1.12237   0.00000  
  29   2.00000  -1.45199   0.10828   1.29477  -1.98828   1.59219  -0.32356  -1.12237   1.95324  -1.71371   0.53506   0.93682  -1.89531   1.81515  -0.74028   0.00000  -2.00000   0.74028  -1.81515   1.89531  -0.93682  -0.53506   1.71371  -1.95324   1.12237   0.32356  -1.59219   1.98828  -1.29477  -0.10828   1.45199   0.00000  
  30   2.00000  -1.71371   0.93682   0.10828  -1.12237   1.81515  -1.98828   1.59219  -0.74028  -0.32356   1.29477  -1.89531   1.95324  -1.45199   0.53506   0.00000  -2.00000  -0.53506   1.45199  -1.95324   1.89531  -1.29477   0.32356   0.74028  -1.59219   1.98828  -1.81515   1.12237  -0.10828  -0.93682   1.71371   0.00000  
  31   2.00000  -1.89531   1.59219  -1.12237   0.53506   0.10828  -0.74028   1.29477  -1.71371   1.95324  -1.98828   1.81515  -1.45199   0.93682  -0.32356   0.00000  -2.00000   0.32356  -0.93682   1.45199  -1.81515   1.98828  -1.95324   1.71371  -1.29477   0.74028  -0.10828  -0.53506   1.12237  -1.59219   1.89531   0.00000  
  32   2.00000  -1.98828   1.95324  -1.89531   1.81515  -1.71371   1.59219  -1.45199   1.29477  -1.12237   0.93682  -0.74028   0.53506  -0.32356   0.10828   0.00000  -2.00000  -0.10828   0.32356  -0.53506   0.74028  -0.93682   1.12237  -1.29477   1.45199  -1.59219   1.71371  -1.81515   1.89531  -1.95324   1.98828   0.00000  

