Group	D29h 
n	32

     	Irred     	Operation
   1 	 A1'        	 E         
   2 	 A1"        	 C29       
   3 	 A2'        	 C29^2     
   4 	 A2"        	 C29^3     
   5 	 E1'        	 C29^4     
   6 	 E1"        	 C29^5     
   7 	 E2'        	 C29^6     
   8 	 E2"        	 C29^7     
   9 	 E3'        	 C29^8     
  10 	 E3"        	 C29^9     
  11 	 E4'        	 C29^10    
  12 	 E4"        	 C29^11    
  13 	 E5'        	 C29^12    
  14 	 E5"        	 C29^13    
  15 	 E6'        	 C29^14    
  16 	 E6"        	 C2'       
  17 	 E7'        	 sh        
  18 	 E7"        	 S29       
  19 	 E8'        	 S29^3     
  20 	 E8"        	 S29^5     
  21 	 E9'        	 S29^7     
  22 	 E9"        	 S29^9     
  23 	 E10'       	 S29^11    
  24 	 E10"       	 S29^13    
  25 	 E11'       	 S29^15    
  26 	 E11"       	 S29^17    
  27 	 E12'       	 S29^19    
  28 	 E12"       	 S29^21    
  29 	 E13'       	 S29^23    
  30 	 E13"       	 S29^25    
  31 	 E14'       	 S29^27    
  32 	 E14"       	 sv        

Table
         1         2         3         4         5         6         7         8         9         10        11        12        13        14        15        16        17        18        19        20        21        22        23        24        25        26        27        28        29        30        31        32     
   1   1.00000   1.00000   1.00000   1.00000   1.00000   1.00000   1.00000   1.00000   1.00000   1.00000   1.00000   1.00000   1.00000   1.00000   1.00000   1.00000   1.00000   1.00000   1.00000   1.00000   1.00000   1.00000   1.00000   1.00000   1.00000   1.00000   1.00000   1.00000   1.00000   1.00000   1.00000   1.00000  
   2   1.00000   1.00000   1.00000   1.00000   1.00000   1.00000   1.00000   1.00000   1.00000   1.00000   1.00000   1.00000   1.00000   1.00000   1.00000   1.00000  -1.00000  -1.00000  -1.00000  -1.00000  -1.00000  -1.00000  -1.00000  -1.00000  -1.00000  -1.00000  -1.00000  -1.00000  -1.00000  -1.00000  -1.00000  -1.00000  
   3   1.00000   1.00000   1.00000   1.00000   1.00000   1.00000   1.00000   1.00000   1.00000   1.00000   1.00000   1.00000   1.00000   1.00000   1.00000  -1.00000   1.00000   1.00000   1.00000   1.00000   1.00000   1.00000   1.00000   1.00000   1.00000   1.00000   1.00000   1.00000   1.00000   1.00000   1.00000  -1.00000  
   4   1.00000   1.00000   1.00000   1.00000   1.00000   1.00000   1.00000   1.00000   1.00000   1.00000   1.00000   1.00000   1.00000   1.00000   1.00000  -1.00000  -1.00000  -1.00000  -1.00000  -1.00000  -1.00000  -1.00000  -1.00000  -1.00000  -1.00000  -1.00000  -1.00000  -1.00000  -1.00000  -1.00000  -1.00000   1.00000  
   5   2.00000   1.95324   1.81515   1.59219   1.29477   0.93682   0.53506   0.10828  -0.32356  -0.74028  -1.12237  -1.45199  -1.71371  -1.89531  -1.98828   0.00000   2.00000   1.95324   1.59219   0.93682   0.10828  -0.74028  -1.45199  -1.89531  -1.98828  -1.71371  -1.12237  -0.32356   0.53506   1.29477   1.81515   0.00000  
   6   2.00000   1.95324   1.81515   1.59219   1.29477   0.93682   0.53506   0.10828  -0.32356  -0.74028  -1.12237  -1.45199  -1.71371  -1.89531  -1.98828   0.00000  -2.00000  -1.95324  -1.59219  -0.93682  -0.10828   0.74028   1.45199   1.89531   1.98828   1.71371   1.12237   0.32356  -0.53506  -1.29477  -1.81515   0.00000  
   7   2.00000   1.81515   1.29477   0.53506  -0.32356  -1.12237  -1.71371  -1.98828  -1.89531  -1.45199  -0.74028   0.10828   0.93682   1.59219   1.95324   0.00000   2.00000   1.81515   0.53506  -1.12237  -1.98828  -1.45199   0.10828   1.59219   1.95324   0.93682  -0.74028  -1.89531  -1.71371  -0.32356   1.29477   0.00000  
   8   2.00000   1.81515   1.29477   0.53506  -0.32356  -1.12237  -1.71371  -1.98828  -1.89531  -1.45199  -0.74028   0.10828   0.93682   1.59219   1.95324   0.00000  -2.00000  -1.81515  -0.53506   1.12237   1.98828   1.45199  -0.10828  -1.59219  -1.95324  -0.93682   0.74028   1.89531   1.71371   0.32356  -1.29477   0.00000  
   9   2.00000   1.59219   0.53506  -0.74028  -1.71371  -1.98828  -1.45199  -0.32356   0.93682   1.81515   1.95324   1.29477   0.10828  -1.12237  -1.89531   0.00000   2.00000   1.59219  -0.74028  -1.98828  -0.32356   1.81515   1.29477  -1.12237  -1.89531   0.10828   1.95324   0.93682  -1.45199  -1.71371   0.53506   0.00000  
  10   2.00000   1.59219   0.53506  -0.74028  -1.71371  -1.98828  -1.45199  -0.32356   0.93682   1.81515   1.95324   1.29477   0.10828  -1.12237  -1.89531   0.00000  -2.00000  -1.59219   0.74028   1.98828   0.32356  -1.81515  -1.29477   1.12237   1.89531  -0.10828  -1.95324  -0.93682   1.45199   1.71371  -0.53506   0.00000  
  11   2.00000   1.29477  -0.32356  -1.71371  -1.89531  -0.74028   0.93682   1.95324   1.59219   0.10828  -1.45199  -1.98828  -1.12237   0.53506   1.81515   0.00000   2.00000   1.29477  -1.71371  -0.74028   1.95324   0.10828  -1.98828   0.53506   1.81515  -1.12237  -1.45199   1.59219   0.93682  -1.89531  -0.32356   0.00000  
  12   2.00000   1.29477  -0.32356  -1.71371  -1.89531  -0.74028   0.93682   1.95324   1.59219   0.10828  -1.45199  -1.98828  -1.12237   0.53506   1.81515   0.00000  -2.00000  -1.29477   1.71371   0.74028  -1.95324  -0.10828   1.98828  -0.53506  -1.81515   1.12237   1.45199  -1.59219  -0.93682   1.89531   0.32356   0.00000  
  13   2.00000   0.93682  -1.12237  -1.98828  -0.74028   1.29477   1.95324   0.53506  -1.45199  -1.89531  -0.32356   1.59219   1.81515   0.10828  -1.71371   0.00000   2.00000   0.93682  -1.98828   1.29477   0.53506  -1.89531   1.59219   0.10828  -1.71371   1.81515  -0.32356  -1.45199   1.95324  -0.74028  -1.12237   0.00000  
  14   2.00000   0.93682  -1.12237  -1.98828  -0.74028   1.29477   1.95324   0.53506  -1.45199  -1.89531  -0.32356   1.59219   1.81515   0.10828  -1.71371   0.00000  -2.00000  -0.93682   1.98828  -1.29477  -0.53506   1.89531  -1.59219  -0.10828   1.71371  -1.81515   0.32356   1.45199  -1.95324   0.74028   1.12237   0.00000  
  15   2.00000   0.53506  -1.71371  -1.45199   0.93682   1.95324   0.10828  -1.89531  -1.12237   1.29477   1.81515  -0.32356  -1.98828  -0.74028   1.59219   0.00000   2.00000   0.53506  -1.45199   1.95324  -1.89531   1.29477  -0.32356  -0.74028   1.59219  -1.98828   1.81515  -1.12237   0.10828   0.93682  -1.71371   0.00000  
  16   2.00000   0.53506  -1.71371  -1.45199   0.93682   1.95324   0.10828  -1.89531  -1.12237   1.29477   1.81515  -0.32356  -1.98828  -0.74028   1.59219   0.00000  -2.00000  -0.53506   1.45199  -1.95324   1.89531  -1.29477   0.32356   0.74028  -1.59219   1.98828  -1.81515   1.12237  -0.10828  -0.93682   1.71371   0.00000  
  17   2.00000   0.10828  -1.98828  -0.32356   1.95324   0.53506  -1.89531  -0.74028   1.81515   0.93682  -1.71371  -1.12237   1.59219   1.29477  -1.45199   0.00000   2.00000   0.10828  -0.32356   0.53506  -0.74028   0.93682  -1.12237   1.29477  -1.45199   1.59219  -1.71371   1.81515  -1.89531   1.95324  -1.98828   0.00000  
  18   2.00000   0.10828  -1.98828  -0.32356   1.95324   0.53506  -1.89531  -0.74028   1.81515   0.93682  -1.71371  -1.12237   1.59219   1.29477  -1.45199   0.00000  -2.00000  -0.10828   0.32356  -0.53506   0.74028  -0.93682   1.12237  -1.29477   1.45199  -1.59219   1.71371  -1.81515   1.89531  -1.95324   1.98828   0.00000  
  19   2.00000  -0.32356  -1.89531   0.93682   1.59219  -1.45199  -1.12237   1.81515   0.53506  -1.98828   0.10828   1.95324  -0.74028  -1.71371   1.29477   0.00000   2.00000  -0.32356   0.93682  -1.45199   1.81515  -1.98828   1.95324  -1.71371   1.29477  -0.74028   0.10828   0.53506  -1.12237   1.59219  -1.89531   0.00000  
  20   2.00000  -0.32356  -1.89531   0.93682   1.59219  -1.45199  -1.12237   1.81515   0.53506  -1.98828   0.10828   1.95324  -0.74028  -1.71371   1.29477   0.00000  -2.00000   0.32356  -0.93682   1.45199  -1.81515   1.98828  -1.95324   1.71371  -1.29477   0.74028  -0.10828  -0.53506   1.12237  -1.59219   1.89531   0.00000  
  21   2.00000  -0.74028  -1.45199   1.81515   0.10828  -1.89531   1.29477   0.93682  -1.98828   0.53506   1.59219  -1.71371  -0.32356   1.95324  -1.12237   0.00000   2.00000  -0.74028   1.81515  -1.89531   0.93682   0.53506  -1.71371   1.95324  -1.12237  -0.32356   1.59219  -1.98828   1.29477   0.10828  -1.45199   0.00000  
  22   2.00000  -0.74028  -1.45199   1.81515   0.10828  -1.89531   1.29477   0.93682  -1.98828   0.53506   1.59219  -1.71371  -0.32356   1.95324  -1.12237   0.00000  -2.00000   0.74028  -1.81515   1.89531  -0.93682  -0.53506   1.71371  -1.95324   1.12237   0.32356  -1.59219   1.98828  -1.29477  -0.10828   1.45199   0.00000  
  23   2.00000  -1.12237  -0.74028   1.95324  -1.45199  -0.32356   1.81515  -1.71371   0.10828   1.59219  -1.89531   0.53506   1.29477  -1.98828   0.93682   0.00000   2.00000  -1.12237   1.95324  -0.32356  -1.71371   1.59219   0.53506  -1.98828   0.93682   1.29477  -1.89531   0.10828   1.81515  -1.45199  -0.74028   0.00000  
  24   2.00000  -1.12237  -0.74028   1.95324  -1.45199  -0.32356   1.81515  -1.71371   0.10828   1.59219  -1.89531   0.53506   1.29477  -1.98828   0.93682   0.00000  -2.00000   1.12237  -1.95324   0.32356   1.71371  -1.59219  -0.53506   1.98828  -0.93682  -1.29477   1.89531  -0.10828  -1.81515   1.45199   0.74028   0.00000  
  25   2.00000  -1.45199   0.10828   1.29477  -1.98828   1.59219  -0.32356  -1.12237   1.95324  -1.71371   0.53506   0.93682  -1.89531   1.81515  -0.74028   0.00000   2.00000  -1.45199   1.29477   1.59219  -1.12237  -1.71371   0.93682   1.81515  -0.74028  -1.89531   0.53506   1.95324  -0.32356  -1.98828   0.10828   0.00000  
  26   2.00000  -1.45199   0.10828   1.29477  -1.98828   1.59219  -0.32356  -1.12237   1.95324  -1.71371   0.53506   0.93682  -1.89531   1.81515  -0.74028   0.00000  -2.00000   1.45199  -1.29477  -1.59219   1.12237   1.71371  -0.93682  -1.81515   0.74028   1.89531  -0.53506  -1.95324   0.32356   1.98828  -0.10828   0.00000  
  27   2.00000  -1.71371   0.93682   0.10828  -1.12237   1.81515  -1.98828   1.59219  -0.74028  -0.32356   1.29477  -1.89531   1.95324  -1.45199   0.53506   0.00000   2.00000  -1.71371   0.10828   1.81515   1.59219  -0.32356  -1.89531  -1.45199   0.53506   1.95324   1.29477  -0.74028  -1.98828  -1.12237   0.93682   0.00000  
  28   2.00000  -1.71371   0.93682   0.10828  -1.12237   1.81515  -1.98828   1.59219  -0.74028  -0.32356   1.29477  -1.89531   1.95324  -1.45199   0.53506   0.00000  -2.00000   1.71371  -0.10828  -1.81515  -1.59219   0.32356   1.89531   1.45199  -0.53506  -1.95324  -1.29477   0.74028   1.98828   1.12237  -0.93682   0.00000  
  29   2.00000  -1.89531   1.59219  -1.12237   0.53506   0.10828  -0.74028   1.29477  -1.71371   1.95324  -1.98828   1.81515  -1.45199   0.93682  -0.32356   0.00000   2.00000  -1.89531  -1.12237   0.10828   1.29477   1.95324   1.81515   0.93682  -0.32356  -1.45199  -1.98828  -1.71371  -0.74028   0.53506   1.59219   0.00000  
  30   2.00000  -1.89531   1.59219  -1.12237   0.53506   0.10828  -0.74028   1.29477  -1.71371   1.95324  -1.98828   1.81515  -1.45199   0.93682  -0.32356   0.00000  -2.00000   1.89531   1.12237  -0.10828  -1.29477  -1.95324  -1.81515  -0.93682   0.32356   1.45199   1.98828   1.71371   0.74028  -0.53506  -1.59219   0.00000  
  31   2.00000  -1.98828   1.95324  -1.89531   1.81515  -1.71371   1.59219  -1.45199   1.29477  -1.12237   0.93682  -0.74028   0.53506  -0.32356   0.10828   0.00000   2.00000  -1.98828  -1.89531  -1.71371  -1.45199  -1.12237  -0.74028  -0.32356   0.10828   0.53506   0.93682   1.29477   1.59219   1.81515   1.95324   0.00000  
  32   2.00000  -1.98828   1.95324  -1.89531   1.81515  -1.71371   1.59219  -1.45199   1.29477  -1.12237   0.93682  -0.74028   0.53506  -0.32356   0.10828   0.00000  -2.00000   1.98828   1.89531   1.71371   1.45199   1.12237   0.74028   0.32356  -0.10828  -0.53506  -0.93682  -1.29477  -1.59219  -1.81515  -1.95324   0.00000  

