Group	D2d 
n	5

     	Irred     	Operation
   1 	 A1         	 E         
   2 	 A2         	 S4        
   3 	 B1         	 C2        
   4 	 B2         	 C2'       
   5 	 E          	 sd        

Table
         1         2         3         4         5      
   1   1.00000   1.00000   1.00000   1.00000   1.00000  
   2   1.00000   1.00000   1.00000  -1.00000  -1.00000  
   3   1.00000  -1.00000   1.00000   1.00000  -1.00000  
   4   1.00000  -1.00000   1.00000  -1.00000   1.00000  
   5   2.00000   0.00000  -2.00000   0.00000   0.00000  

