Group	D2h 
n	8

     	Irred     	Operation
   1 	 Ag         	 E         
   2 	 B1g        	 C2        
   3 	 B2g        	 C2'       
   4 	 B3g        	 C2"       
   5 	 Au         	 i         
   6 	 B1u        	 sh        
   7 	 B2u        	 sv        
   8 	 B3u        	 sd        

Table
         1         2         3         4         5         6         7         8      
   1   1.00000   1.00000   1.00000   1.00000   1.00000   1.00000   1.00000   1.00000  
   2   1.00000   1.00000  -1.00000  -1.00000   1.00000   1.00000  -1.00000  -1.00000  
   3   1.00000  -1.00000  -1.00000   1.00000   1.00000  -1.00000   1.00000  -1.00000  
   4   1.00000  -1.00000   1.00000  -1.00000   1.00000  -1.00000  -1.00000   1.00000  
   5   1.00000   1.00000   1.00000   1.00000  -1.00000  -1.00000  -1.00000  -1.00000  
   6   1.00000   1.00000  -1.00000  -1.00000  -1.00000  -1.00000   1.00000   1.00000  
   7   1.00000  -1.00000  -1.00000   1.00000  -1.00000   1.00000  -1.00000   1.00000  
   8   1.00000  -1.00000   1.00000  -1.00000  -1.00000   1.00000   1.00000  -1.00000  

