Group	D30d 
n	33

     	Irred     	Operation
   1 	 A1         	 E         
   2 	 A2         	 S60       
   3 	 B1         	 C30       
   4 	 B2         	 S20       
   5 	 E1         	 C15       
   6 	 E2         	 S12       
   7 	 E3         	 C10       
   8 	 E4         	 S60^7     
   9 	 E5         	 C15^2     
  10 	 E6         	 S20^3     
  11 	 E7         	 C6        
  12 	 E8         	 S60^11    
  13 	 E9         	 C5        
  14 	 E10        	 S60^13    
  15 	 E11        	 C30^7     
  16 	 E12        	 S4        
  17 	 E13        	 C15^4     
  18 	 E14        	 S60^17    
  19 	 E15        	 C10^3     
  20 	 E16        	 S60^19    
  21 	 E17        	 C3        
  22 	 E18        	 S20^7     
  23 	 E19        	 C30^11    
  24 	 E20        	 S60^23    
  25 	 E21        	 C5^2      
  26 	 E22        	 S12^5     
  27 	 E23        	 C30^13    
  28 	 E24        	 S20^9     
  29 	 E25        	 C15^7     
  30 	 E26        	 S60^29    
  31 	 E27        	 C2        
  32 	 E28        	 C2'       
  33 	 E29        	 sd        

Table
         1         2         3         4         5         6         7         8         9         10        11        12        13        14        15        16        17        18        19        20        21        22        23        24        25        26        27        28        29        30        31        32        33     
   1   1.00000   1.00000   1.00000   1.00000   1.00000   1.00000   1.00000   1.00000   1.00000   1.00000   1.00000   1.00000   1.00000   1.00000   1.00000   1.00000   1.00000   1.00000   1.00000   1.00000   1.00000   1.00000   1.00000   1.00000   1.00000   1.00000   1.00000   1.00000   1.00000   1.00000   1.00000   1.00000   1.00000  
   2   1.00000   1.00000   1.00000   1.00000   1.00000   1.00000   1.00000   1.00000   1.00000   1.00000   1.00000   1.00000   1.00000   1.00000   1.00000   1.00000   1.00000   1.00000   1.00000   1.00000   1.00000   1.00000   1.00000   1.00000   1.00000   1.00000   1.00000   1.00000   1.00000   1.00000   1.00000  -1.00000  -1.00000  
   3   1.00000  -1.00000   1.00000  -1.00000   1.00000  -1.00000   1.00000  -1.00000   1.00000  -1.00000   1.00000  -1.00000   1.00000  -1.00000   1.00000  -1.00000   1.00000  -1.00000   1.00000  -1.00000   1.00000  -1.00000   1.00000  -1.00000   1.00000  -1.00000   1.00000  -1.00000   1.00000  -1.00000   1.00000   1.00000  -1.00000  
   4   1.00000  -1.00000   1.00000  -1.00000   1.00000  -1.00000   1.00000  -1.00000   1.00000  -1.00000   1.00000  -1.00000   1.00000  -1.00000   1.00000  -1.00000   1.00000  -1.00000   1.00000  -1.00000   1.00000  -1.00000   1.00000  -1.00000   1.00000  -1.00000   1.00000  -1.00000   1.00000  -1.00000   1.00000  -1.00000   1.00000  
   5   2.00000   1.98904   1.95630   1.90211   1.82709   1.73205   1.61803   1.48629   1.33826   1.17557   1.00000   0.81347   0.61803   0.41582   0.20906   0.00000  -0.20906  -0.41582  -0.61803  -0.81347  -1.00000  -1.17557  -1.33826  -1.48629  -1.61803  -1.73205  -1.82709  -1.90211  -1.95630  -1.98904  -2.00000   0.00000   0.00000  
   6   2.00000   1.95630   1.82709   1.61803   1.33826   1.00000   0.61803   0.20906  -0.20906  -0.61803  -1.00000  -1.33826  -1.61803  -1.82709  -1.95630  -2.00000  -1.95630  -1.82709  -1.61803  -1.33826  -1.00000  -0.61803  -0.20906   0.20906   0.61803   1.00000   1.33826   1.61803   1.82709   1.95630   2.00000   0.00000   0.00000  
   7   2.00000   1.90211   1.61803   1.17557   0.61803   0.00000  -0.61803  -1.17557  -1.61803  -1.90211  -2.00000  -1.90211  -1.61803  -1.17557  -0.61803   0.00000   0.61803   1.17557   1.61803   1.90211   2.00000   1.90211   1.61803   1.17557   0.61803   0.00000  -0.61803  -1.17557  -1.61803  -1.90211  -2.00000   0.00000   0.00000  
   8   2.00000   1.82709   1.33826   0.61803  -0.20906  -1.00000  -1.61803  -1.95630  -1.95630  -1.61803  -1.00000  -0.20906   0.61803   1.33826   1.82709   2.00000   1.82709   1.33826   0.61803  -0.20906  -1.00000  -1.61803  -1.95630  -1.95630  -1.61803  -1.00000  -0.20906   0.61803   1.33826   1.82709   2.00000   0.00000   0.00000  
   9   2.00000   1.73205   1.00000   0.00000  -1.00000  -1.73205  -2.00000  -1.73205  -1.00000   0.00000   1.00000   1.73205   2.00000   1.73205   1.00000   0.00000  -1.00000  -1.73205  -2.00000  -1.73205  -1.00000   0.00000   1.00000   1.73205   2.00000   1.73205   1.00000   0.00000  -1.00000  -1.73205  -2.00000   0.00000   0.00000  
  10   2.00000   1.61803   0.61803  -0.61803  -1.61803  -2.00000  -1.61803  -0.61803   0.61803   1.61803   2.00000   1.61803   0.61803  -0.61803  -1.61803  -2.00000  -1.61803  -0.61803   0.61803   1.61803   2.00000   1.61803   0.61803  -0.61803  -1.61803  -2.00000  -1.61803  -0.61803   0.61803   1.61803   2.00000   0.00000   0.00000  
  11   2.00000   1.48629   0.20906  -1.17557  -1.95630  -1.73205  -0.61803   0.81347   1.82709   1.90211   1.00000  -0.41582  -1.61803  -1.98904  -1.33826   0.00000   1.33826   1.98904   1.61803   0.41582  -1.00000  -1.90211  -1.82709  -0.81347   0.61803   1.73205   1.95630   1.17557  -0.20906  -1.48629  -2.00000   0.00000   0.00000  
  12   2.00000   1.33826  -0.20906  -1.61803  -1.95630  -1.00000   0.61803   1.82709   1.82709   0.61803  -1.00000  -1.95630  -1.61803  -0.20906   1.33826   2.00000   1.33826  -0.20906  -1.61803  -1.95630  -1.00000   0.61803   1.82709   1.82709   0.61803  -1.00000  -1.95630  -1.61803  -0.20906   1.33826   2.00000   0.00000   0.00000  
  13   2.00000   1.17557  -0.61803  -1.90211  -1.61803   0.00000   1.61803   1.90211   0.61803  -1.17557  -2.00000  -1.17557   0.61803   1.90211   1.61803   0.00000  -1.61803  -1.90211  -0.61803   1.17557   2.00000   1.17557  -0.61803  -1.90211  -1.61803   0.00000   1.61803   1.90211   0.61803  -1.17557  -2.00000   0.00000   0.00000  
  14   2.00000   1.00000  -1.00000  -2.00000  -1.00000   1.00000   2.00000   1.00000  -1.00000  -2.00000  -1.00000   1.00000   2.00000   1.00000  -1.00000  -2.00000  -1.00000   1.00000   2.00000   1.00000  -1.00000  -2.00000  -1.00000   1.00000   2.00000   1.00000  -1.00000  -2.00000  -1.00000   1.00000   2.00000   0.00000   0.00000  
  15   2.00000   0.81347  -1.33826  -1.90211  -0.20906   1.73205   1.61803  -0.41582  -1.95630  -1.17557   1.00000   1.98904   0.61803  -1.48629  -1.82709   0.00000   1.82709   1.48629  -0.61803  -1.98904  -1.00000   1.17557   1.95630   0.41582  -1.61803  -1.73205   0.20906   1.90211   1.33826  -0.81347  -2.00000   0.00000   0.00000  
  16   2.00000   0.61803  -1.61803  -1.61803   0.61803   2.00000   0.61803  -1.61803  -1.61803   0.61803   2.00000   0.61803  -1.61803  -1.61803   0.61803   2.00000   0.61803  -1.61803  -1.61803   0.61803   2.00000   0.61803  -1.61803  -1.61803   0.61803   2.00000   0.61803  -1.61803  -1.61803   0.61803   2.00000   0.00000   0.00000  
  17   2.00000   0.41582  -1.82709  -1.17557   1.33826   1.73205  -0.61803  -1.98904  -0.20906   1.90211   1.00000  -1.48629  -1.61803   0.81347   1.95630   0.00000  -1.95630  -0.81347   1.61803   1.48629  -1.00000  -1.90211   0.20906   1.98904   0.61803  -1.73205  -1.33826   1.17557   1.82709  -0.41582  -2.00000   0.00000   0.00000  
  18   2.00000   0.20906  -1.95630  -0.61803   1.82709   1.00000  -1.61803  -1.33826   1.33826   1.61803  -1.00000  -1.82709   0.61803   1.95630  -0.20906  -2.00000  -0.20906   1.95630   0.61803  -1.82709  -1.00000   1.61803   1.33826  -1.33826  -1.61803   1.00000   1.82709  -0.61803  -1.95630   0.20906   2.00000   0.00000   0.00000  
  19   2.00000   0.00000  -2.00000   0.00000   2.00000   0.00000  -2.00000   0.00000   2.00000   0.00000  -2.00000   0.00000   2.00000   0.00000  -2.00000   0.00000   2.00000   0.00000  -2.00000   0.00000   2.00000   0.00000  -2.00000   0.00000   2.00000   0.00000  -2.00000   0.00000   2.00000   0.00000  -2.00000   0.00000   0.00000  
  20   2.00000  -0.20906  -1.95630   0.61803   1.82709  -1.00000  -1.61803   1.33826   1.33826  -1.61803  -1.00000   1.82709   0.61803  -1.95630  -0.20906   2.00000  -0.20906  -1.95630   0.61803   1.82709  -1.00000  -1.61803   1.33826   1.33826  -1.61803  -1.00000   1.82709   0.61803  -1.95630  -0.20906   2.00000   0.00000   0.00000  
  21   2.00000  -0.41582  -1.82709   1.17557   1.33826  -1.73205  -0.61803   1.98904  -0.20906  -1.90211   1.00000   1.48629  -1.61803  -0.81347   1.95630   0.00000  -1.95630   0.81347   1.61803  -1.48629  -1.00000   1.90211   0.20906  -1.98904   0.61803   1.73205  -1.33826  -1.17557   1.82709   0.41582  -2.00000   0.00000   0.00000  
  22   2.00000  -0.61803  -1.61803   1.61803   0.61803  -2.00000   0.61803   1.61803  -1.61803  -0.61803   2.00000  -0.61803  -1.61803   1.61803   0.61803  -2.00000   0.61803   1.61803  -1.61803  -0.61803   2.00000  -0.61803  -1.61803   1.61803   0.61803  -2.00000   0.61803   1.61803  -1.61803  -0.61803   2.00000   0.00000   0.00000  
  23   2.00000  -0.81347  -1.33826   1.90211  -0.20906  -1.73205   1.61803   0.41582  -1.95630   1.17557   1.00000  -1.98904   0.61803   1.48629  -1.82709   0.00000   1.82709  -1.48629  -0.61803   1.98904  -1.00000  -1.17557   1.95630  -0.41582  -1.61803   1.73205   0.20906  -1.90211   1.33826   0.81347  -2.00000   0.00000   0.00000  
  24   2.00000  -1.00000  -1.00000   2.00000  -1.00000  -1.00000   2.00000  -1.00000  -1.00000   2.00000  -1.00000  -1.00000   2.00000  -1.00000  -1.00000   2.00000  -1.00000  -1.00000   2.00000  -1.00000  -1.00000   2.00000  -1.00000  -1.00000   2.00000  -1.00000  -1.00000   2.00000  -1.00000  -1.00000   2.00000   0.00000   0.00000  
  25   2.00000  -1.17557  -0.61803   1.90211  -1.61803   0.00000   1.61803  -1.90211   0.61803   1.17557  -2.00000   1.17557   0.61803  -1.90211   1.61803   0.00000  -1.61803   1.90211  -0.61803  -1.17557   2.00000  -1.17557  -0.61803   1.90211  -1.61803   0.00000   1.61803  -1.90211   0.61803   1.17557  -2.00000   0.00000   0.00000  
  26   2.00000  -1.33826  -0.20906   1.61803  -1.95630   1.00000   0.61803  -1.82709   1.82709  -0.61803  -1.00000   1.95630  -1.61803   0.20906   1.33826  -2.00000   1.33826   0.20906  -1.61803   1.95630  -1.00000  -0.61803   1.82709  -1.82709   0.61803   1.00000  -1.95630   1.61803  -0.20906  -1.33826   2.00000   0.00000   0.00000  
  27   2.00000  -1.48629   0.20906   1.17557  -1.95630   1.73205  -0.61803  -0.81347   1.82709  -1.90211   1.00000   0.41582  -1.61803   1.98904  -1.33826   0.00000   1.33826  -1.98904   1.61803  -0.41582  -1.00000   1.90211  -1.82709   0.81347   0.61803  -1.73205   1.95630  -1.17557  -0.20906   1.48629  -2.00000   0.00000   0.00000  
  28   2.00000  -1.61803   0.61803   0.61803  -1.61803   2.00000  -1.61803   0.61803   0.61803  -1.61803   2.00000  -1.61803   0.61803   0.61803  -1.61803   2.00000  -1.61803   0.61803   0.61803  -1.61803   2.00000  -1.61803   0.61803   0.61803  -1.61803   2.00000  -1.61803   0.61803   0.61803  -1.61803   2.00000   0.00000   0.00000  
  29   2.00000  -1.73205   1.00000   0.00000  -1.00000   1.73205  -2.00000   1.73205  -1.00000   0.00000   1.00000  -1.73205   2.00000  -1.73205   1.00000   0.00000  -1.00000   1.73205  -2.00000   1.73205  -1.00000   0.00000   1.00000  -1.73205   2.00000  -1.73205   1.00000   0.00000  -1.00000   1.73205  -2.00000   0.00000   0.00000  
  30   2.00000  -1.82709   1.33826  -0.61803  -0.20906   1.00000  -1.61803   1.95630  -1.95630   1.61803  -1.00000   0.20906   0.61803  -1.33826   1.82709  -2.00000   1.82709  -1.33826   0.61803   0.20906  -1.00000   1.61803  -1.95630   1.95630  -1.61803   1.00000  -0.20906  -0.61803   1.33826  -1.82709   2.00000   0.00000   0.00000  
  31   2.00000  -1.90211   1.61803  -1.17557   0.61803   0.00000  -0.61803   1.17557  -1.61803   1.90211  -2.00000   1.90211  -1.61803   1.17557  -0.61803   0.00000   0.61803  -1.17557   1.61803  -1.90211   2.00000  -1.90211   1.61803  -1.17557   0.61803   0.00000  -0.61803   1.17557  -1.61803   1.90211  -2.00000   0.00000   0.00000  
  32   2.00000  -1.95630   1.82709  -1.61803   1.33826  -1.00000   0.61803  -0.20906  -0.20906   0.61803  -1.00000   1.33826  -1.61803   1.82709  -1.95630   2.00000  -1.95630   1.82709  -1.61803   1.33826  -1.00000   0.61803  -0.20906  -0.20906   0.61803  -1.00000   1.33826  -1.61803   1.82709  -1.95630   2.00000   0.00000   0.00000  
  33   2.00000  -1.98904   1.95630  -1.90211   1.82709  -1.73205   1.61803  -1.48629   1.33826  -1.17557   1.00000  -0.81347   0.61803  -0.41582   0.20906   0.00000  -0.20906   0.41582  -0.61803   0.81347  -1.00000   1.17557  -1.33826   1.48629  -1.61803   1.73205  -1.82709   1.90211  -1.95630   1.98904  -2.00000   0.00000   0.00000  

