Group	D30h 
n	36

     	Irred     	Operation
   1 	 A1g        	 E         
   2 	 A2g        	 C30       
   3 	 B1g        	 C15       
   4 	 B2g        	 C10       
   5 	 E1g        	 C15^2     
   6 	 E2g        	 C6        
   7 	 E3g        	 C5        
   8 	 E4g        	 C30^7     
   9 	 E5g        	 C15^4     
  10 	 E6g        	 C10^3     
  11 	 E7g        	 C3        
  12 	 E8g        	 C30^11    
  13 	 E9g        	 C5^2      
  14 	 E10g       	 C30^13    
  15 	 E11g       	 C15^7     
  16 	 E12g       	 C2        
  17 	 E13g       	 C2'       
  18 	 E14g       	 C2"       
  19 	 A1u        	 i         
  20 	 A2u        	 S30       
  21 	 B1u        	 S15       
  22 	 B2u        	 S10       
  23 	 E1u        	 S15^2     
  24 	 E2u        	 S6        
  25 	 E3u        	 S5        
  26 	 E4u        	 S30^7     
  27 	 E5u        	 S15^4     
  28 	 E6u        	 S10^3     
  29 	 E7u        	 S3        
  30 	 E8u        	 S30^11    
  31 	 E9u        	 S5^2      
  32 	 E10u       	 S30^13    
  33 	 E11u       	 S15^7     
  34 	 E12u       	 sh        
  35 	 E13u       	 sv        
  36 	 E14u       	 sd        

Table
         1         2         3         4         5         6         7         8         9         10        11        12        13        14        15        16        17        18        19        20        21        22        23        24        25        26        27        28        29        30        31        32        33        34        35        36     
   1   1.00000   1.00000   1.00000   1.00000   1.00000   1.00000   1.00000   1.00000   1.00000   1.00000   1.00000   1.00000   1.00000   1.00000   1.00000   1.00000   1.00000   1.00000   1.00000   1.00000   1.00000   1.00000   1.00000   1.00000   1.00000   1.00000   1.00000   1.00000   1.00000   1.00000   1.00000   1.00000   1.00000   1.00000   1.00000   1.00000  
   2   1.00000   1.00000   1.00000   1.00000   1.00000   1.00000   1.00000   1.00000   1.00000   1.00000   1.00000   1.00000   1.00000   1.00000   1.00000   1.00000  -1.00000  -1.00000   1.00000   1.00000   1.00000   1.00000   1.00000   1.00000   1.00000   1.00000   1.00000   1.00000   1.00000   1.00000   1.00000   1.00000   1.00000   1.00000  -1.00000  -1.00000  
   3   1.00000  -1.00000   1.00000  -1.00000   1.00000  -1.00000   1.00000  -1.00000   1.00000  -1.00000   1.00000  -1.00000   1.00000  -1.00000   1.00000  -1.00000   1.00000  -1.00000   1.00000   1.00000  -1.00000   1.00000  -1.00000   1.00000  -1.00000   1.00000  -1.00000   1.00000  -1.00000   1.00000  -1.00000   1.00000  -1.00000  -1.00000  -1.00000   1.00000  
   4   1.00000  -1.00000   1.00000  -1.00000   1.00000  -1.00000   1.00000  -1.00000   1.00000  -1.00000   1.00000  -1.00000   1.00000  -1.00000   1.00000  -1.00000  -1.00000   1.00000   1.00000   1.00000  -1.00000   1.00000  -1.00000   1.00000  -1.00000   1.00000  -1.00000   1.00000  -1.00000   1.00000  -1.00000   1.00000  -1.00000  -1.00000   1.00000  -1.00000  
   5   2.00000   1.95630   1.82709   1.61803   1.33826   1.00000   0.61803   0.20906  -0.20906  -0.61803  -1.00000  -1.33826  -1.61803  -1.82709  -1.95630  -2.00000   0.00000   0.00000   2.00000  -1.95630  -1.82709  -1.61803  -1.33826  -1.00000  -0.61803  -0.20906   0.20906   0.61803   1.00000   1.33826   1.61803   1.82709   1.95630  -2.00000   0.00000   0.00000  
   6   2.00000   1.82709   1.33826   0.61803  -0.20906  -1.00000  -1.61803  -1.95630  -1.95630  -1.61803  -1.00000  -0.20906   0.61803   1.33826   1.82709   2.00000   0.00000   0.00000   2.00000   1.82709   1.33826   0.61803  -0.20906  -1.00000  -1.61803  -1.95630  -1.95630  -1.61803  -1.00000  -0.20906   0.61803   1.33826   1.82709   2.00000   0.00000   0.00000  
   7   2.00000   1.61803   0.61803  -0.61803  -1.61803  -2.00000  -1.61803  -0.61803   0.61803   1.61803   2.00000   1.61803   0.61803  -0.61803  -1.61803  -2.00000   0.00000   0.00000   2.00000  -1.61803  -0.61803   0.61803   1.61803   2.00000   1.61803   0.61803  -0.61803  -1.61803  -2.00000  -1.61803  -0.61803   0.61803   1.61803  -2.00000   0.00000   0.00000  
   8   2.00000   1.33826  -0.20906  -1.61803  -1.95630  -1.00000   0.61803   1.82709   1.82709   0.61803  -1.00000  -1.95630  -1.61803  -0.20906   1.33826   2.00000   0.00000   0.00000   2.00000   1.33826  -0.20906  -1.61803  -1.95630  -1.00000   0.61803   1.82709   1.82709   0.61803  -1.00000  -1.95630  -1.61803  -0.20906   1.33826   2.00000   0.00000   0.00000  
   9   2.00000   1.00000  -1.00000  -2.00000  -1.00000   1.00000   2.00000   1.00000  -1.00000  -2.00000  -1.00000   1.00000   2.00000   1.00000  -1.00000  -2.00000   0.00000   0.00000   2.00000  -1.00000   1.00000   2.00000   1.00000  -1.00000  -2.00000  -1.00000   1.00000   2.00000   1.00000  -1.00000  -2.00000  -1.00000   1.00000  -2.00000   0.00000   0.00000  
  10   2.00000   0.61803  -1.61803  -1.61803   0.61803   2.00000   0.61803  -1.61803  -1.61803   0.61803   2.00000   0.61803  -1.61803  -1.61803   0.61803   2.00000   0.00000   0.00000   2.00000   0.61803  -1.61803  -1.61803   0.61803   2.00000   0.61803  -1.61803  -1.61803   0.61803   2.00000   0.61803  -1.61803  -1.61803   0.61803   2.00000   0.00000   0.00000  
  11   2.00000   0.20906  -1.95630  -0.61803   1.82709   1.00000  -1.61803  -1.33826   1.33826   1.61803  -1.00000  -1.82709   0.61803   1.95630  -0.20906  -2.00000   0.00000   0.00000   2.00000  -0.20906   1.95630   0.61803  -1.82709  -1.00000   1.61803   1.33826  -1.33826  -1.61803   1.00000   1.82709  -0.61803  -1.95630   0.20906  -2.00000   0.00000   0.00000  
  12   2.00000  -0.20906  -1.95630   0.61803   1.82709  -1.00000  -1.61803   1.33826   1.33826  -1.61803  -1.00000   1.82709   0.61803  -1.95630  -0.20906   2.00000   0.00000   0.00000   2.00000  -0.20906  -1.95630   0.61803   1.82709  -1.00000  -1.61803   1.33826   1.33826  -1.61803  -1.00000   1.82709   0.61803  -1.95630  -0.20906   2.00000   0.00000   0.00000  
  13   2.00000  -0.61803  -1.61803   1.61803   0.61803  -2.00000   0.61803   1.61803  -1.61803  -0.61803   2.00000  -0.61803  -1.61803   1.61803   0.61803  -2.00000   0.00000   0.00000   2.00000   0.61803   1.61803  -1.61803  -0.61803   2.00000  -0.61803  -1.61803   1.61803   0.61803  -2.00000   0.61803   1.61803  -1.61803  -0.61803  -2.00000   0.00000   0.00000  
  14   2.00000  -1.00000  -1.00000   2.00000  -1.00000  -1.00000   2.00000  -1.00000  -1.00000   2.00000  -1.00000  -1.00000   2.00000  -1.00000  -1.00000   2.00000   0.00000   0.00000   2.00000  -1.00000  -1.00000   2.00000  -1.00000  -1.00000   2.00000  -1.00000  -1.00000   2.00000  -1.00000  -1.00000   2.00000  -1.00000  -1.00000   2.00000   0.00000   0.00000  
  15   2.00000  -1.33826  -0.20906   1.61803  -1.95630   1.00000   0.61803  -1.82709   1.82709  -0.61803  -1.00000   1.95630  -1.61803   0.20906   1.33826  -2.00000   0.00000   0.00000   2.00000   1.33826   0.20906  -1.61803   1.95630  -1.00000  -0.61803   1.82709  -1.82709   0.61803   1.00000  -1.95630   1.61803  -0.20906  -1.33826  -2.00000   0.00000   0.00000  
  16   2.00000  -1.61803   0.61803   0.61803  -1.61803   2.00000  -1.61803   0.61803   0.61803  -1.61803   2.00000  -1.61803   0.61803   0.61803  -1.61803   2.00000   0.00000   0.00000   2.00000  -1.61803   0.61803   0.61803  -1.61803   2.00000  -1.61803   0.61803   0.61803  -1.61803   2.00000  -1.61803   0.61803   0.61803  -1.61803   2.00000   0.00000   0.00000  
  17   2.00000  -1.82709   1.33826  -0.61803  -0.20906   1.00000  -1.61803   1.95630  -1.95630   1.61803  -1.00000   0.20906   0.61803  -1.33826   1.82709  -2.00000   0.00000   0.00000   2.00000   1.82709  -1.33826   0.61803   0.20906  -1.00000   1.61803  -1.95630   1.95630  -1.61803   1.00000  -0.20906  -0.61803   1.33826  -1.82709  -2.00000   0.00000   0.00000  
  18   2.00000  -1.95630   1.82709  -1.61803   1.33826  -1.00000   0.61803  -0.20906  -0.20906   0.61803  -1.00000   1.33826  -1.61803   1.82709  -1.95630   2.00000   0.00000   0.00000   2.00000  -1.95630   1.82709  -1.61803   1.33826  -1.00000   0.61803  -0.20906  -0.20906   0.61803  -1.00000   1.33826  -1.61803   1.82709  -1.95630   2.00000   0.00000   0.00000  
  19   1.00000   1.00000   1.00000   1.00000   1.00000   1.00000   1.00000   1.00000   1.00000   1.00000   1.00000   1.00000   1.00000   1.00000   1.00000   1.00000   1.00000   1.00000  -1.00000  -1.00000  -1.00000  -1.00000  -1.00000  -1.00000  -1.00000  -1.00000  -1.00000  -1.00000  -1.00000  -1.00000  -1.00000  -1.00000  -1.00000  -1.00000  -1.00000  -1.00000  
  20   1.00000   1.00000   1.00000   1.00000   1.00000   1.00000   1.00000   1.00000   1.00000   1.00000   1.00000   1.00000   1.00000   1.00000   1.00000   1.00000  -1.00000  -1.00000  -1.00000  -1.00000  -1.00000  -1.00000  -1.00000  -1.00000  -1.00000  -1.00000  -1.00000  -1.00000  -1.00000  -1.00000  -1.00000  -1.00000  -1.00000  -1.00000   1.00000   1.00000  
  21   1.00000  -1.00000   1.00000  -1.00000   1.00000  -1.00000   1.00000  -1.00000   1.00000  -1.00000   1.00000  -1.00000   1.00000  -1.00000   1.00000  -1.00000   1.00000  -1.00000  -1.00000  -1.00000   1.00000  -1.00000   1.00000  -1.00000   1.00000  -1.00000   1.00000  -1.00000   1.00000  -1.00000   1.00000  -1.00000   1.00000   1.00000   1.00000  -1.00000  
  22   1.00000  -1.00000   1.00000  -1.00000   1.00000  -1.00000   1.00000  -1.00000   1.00000  -1.00000   1.00000  -1.00000   1.00000  -1.00000   1.00000  -1.00000  -1.00000   1.00000  -1.00000  -1.00000   1.00000  -1.00000   1.00000  -1.00000   1.00000  -1.00000   1.00000  -1.00000   1.00000  -1.00000   1.00000  -1.00000   1.00000   1.00000  -1.00000   1.00000  
  23   2.00000   1.95630   1.82709   1.61803   1.33826   1.00000   0.61803   0.20906  -0.20906  -0.61803  -1.00000  -1.33826  -1.61803  -1.82709  -1.95630  -2.00000   0.00000   0.00000  -2.00000   1.95630   1.82709   1.61803   1.33826   1.00000   0.61803   0.20906  -0.20906  -0.61803  -1.00000  -1.33826  -1.61803  -1.82709  -1.95630   2.00000   0.00000   0.00000  
  24   2.00000   1.82709   1.33826   0.61803  -0.20906  -1.00000  -1.61803  -1.95630  -1.95630  -1.61803  -1.00000  -0.20906   0.61803   1.33826   1.82709   2.00000   0.00000   0.00000  -2.00000  -1.82709  -1.33826  -0.61803   0.20906   1.00000   1.61803   1.95630   1.95630   1.61803   1.00000   0.20906  -0.61803  -1.33826  -1.82709  -2.00000   0.00000   0.00000  
  25   2.00000   1.61803   0.61803  -0.61803  -1.61803  -2.00000  -1.61803  -0.61803   0.61803   1.61803   2.00000   1.61803   0.61803  -0.61803  -1.61803  -2.00000   0.00000   0.00000  -2.00000   1.61803   0.61803  -0.61803  -1.61803  -2.00000  -1.61803  -0.61803   0.61803   1.61803   2.00000   1.61803   0.61803  -0.61803  -1.61803   2.00000   0.00000   0.00000  
  26   2.00000   1.33826  -0.20906  -1.61803  -1.95630  -1.00000   0.61803   1.82709   1.82709   0.61803  -1.00000  -1.95630  -1.61803  -0.20906   1.33826   2.00000   0.00000   0.00000  -2.00000  -1.33826   0.20906   1.61803   1.95630   1.00000  -0.61803  -1.82709  -1.82709  -0.61803   1.00000   1.95630   1.61803   0.20906  -1.33826  -2.00000   0.00000   0.00000  
  27   2.00000   1.00000  -1.00000  -2.00000  -1.00000   1.00000   2.00000   1.00000  -1.00000  -2.00000  -1.00000   1.00000   2.00000   1.00000  -1.00000  -2.00000   0.00000   0.00000  -2.00000   1.00000  -1.00000  -2.00000  -1.00000   1.00000   2.00000   1.00000  -1.00000  -2.00000  -1.00000   1.00000   2.00000   1.00000  -1.00000   2.00000   0.00000   0.00000  
  28   2.00000   0.61803  -1.61803  -1.61803   0.61803   2.00000   0.61803  -1.61803  -1.61803   0.61803   2.00000   0.61803  -1.61803  -1.61803   0.61803   2.00000   0.00000   0.00000  -2.00000  -0.61803   1.61803   1.61803  -0.61803  -2.00000  -0.61803   1.61803   1.61803  -0.61803  -2.00000  -0.61803   1.61803   1.61803  -0.61803  -2.00000   0.00000   0.00000  
  29   2.00000   0.20906  -1.95630  -0.61803   1.82709   1.00000  -1.61803  -1.33826   1.33826   1.61803  -1.00000  -1.82709   0.61803   1.95630  -0.20906  -2.00000   0.00000   0.00000  -2.00000   0.20906  -1.95630  -0.61803   1.82709   1.00000  -1.61803  -1.33826   1.33826   1.61803  -1.00000  -1.82709   0.61803   1.95630  -0.20906   2.00000   0.00000   0.00000  
  30   2.00000  -0.20906  -1.95630   0.61803   1.82709  -1.00000  -1.61803   1.33826   1.33826  -1.61803  -1.00000   1.82709   0.61803  -1.95630  -0.20906   2.00000   0.00000   0.00000  -2.00000   0.20906   1.95630  -0.61803  -1.82709   1.00000   1.61803  -1.33826  -1.33826   1.61803   1.00000  -1.82709  -0.61803   1.95630   0.20906  -2.00000   0.00000   0.00000  
  31   2.00000  -0.61803  -1.61803   1.61803   0.61803  -2.00000   0.61803   1.61803  -1.61803  -0.61803   2.00000  -0.61803  -1.61803   1.61803   0.61803  -2.00000   0.00000   0.00000  -2.00000  -0.61803  -1.61803   1.61803   0.61803  -2.00000   0.61803   1.61803  -1.61803  -0.61803   2.00000  -0.61803  -1.61803   1.61803   0.61803   2.00000   0.00000   0.00000  
  32   2.00000  -1.00000  -1.00000   2.00000  -1.00000  -1.00000   2.00000  -1.00000  -1.00000   2.00000  -1.00000  -1.00000   2.00000  -1.00000  -1.00000   2.00000   0.00000   0.00000  -2.00000   1.00000   1.00000  -2.00000   1.00000   1.00000  -2.00000   1.00000   1.00000  -2.00000   1.00000   1.00000  -2.00000   1.00000   1.00000  -2.00000   0.00000   0.00000  
  33   2.00000  -1.33826  -0.20906   1.61803  -1.95630   1.00000   0.61803  -1.82709   1.82709  -0.61803  -1.00000   1.95630  -1.61803   0.20906   1.33826  -2.00000   0.00000   0.00000  -2.00000  -1.33826  -0.20906   1.61803  -1.95630   1.00000   0.61803  -1.82709   1.82709  -0.61803  -1.00000   1.95630  -1.61803   0.20906   1.33826   2.00000   0.00000   0.00000  
  34   2.00000  -1.61803   0.61803   0.61803  -1.61803   2.00000  -1.61803   0.61803   0.61803  -1.61803   2.00000  -1.61803   0.61803   0.61803  -1.61803   2.00000   0.00000   0.00000  -2.00000   1.61803  -0.61803  -0.61803   1.61803  -2.00000   1.61803  -0.61803  -0.61803   1.61803  -2.00000   1.61803  -0.61803  -0.61803   1.61803  -2.00000   0.00000   0.00000  
  35   2.00000  -1.82709   1.33826  -0.61803  -0.20906   1.00000  -1.61803   1.95630  -1.95630   1.61803  -1.00000   0.20906   0.61803  -1.33826   1.82709  -2.00000   0.00000   0.00000  -2.00000  -1.82709   1.33826  -0.61803  -0.20906   1.00000  -1.61803   1.95630  -1.95630   1.61803  -1.00000   0.20906   0.61803  -1.33826   1.82709   2.00000   0.00000   0.00000  
  36   2.00000  -1.95630   1.82709  -1.61803   1.33826  -1.00000   0.61803  -0.20906  -0.20906   0.61803  -1.00000   1.33826  -1.61803   1.82709  -1.95630   2.00000   0.00000   0.00000  -2.00000   1.95630  -1.82709   1.61803  -1.33826   1.00000  -0.61803   0.20906   0.20906  -0.61803   1.00000  -1.33826   1.61803  -1.82709   1.95630  -2.00000   0.00000   0.00000  

