Group	D31 
n	17

     	Irred     	Operation
   1 	 A1         	 E         
   2 	 A2         	 C31       
   3 	 E1         	 C31^2     
   4 	 E2         	 C31^3     
   5 	 E3         	 C31^4     
   6 	 E4         	 C31^5     
   7 	 E5         	 C31^6     
   8 	 E6         	 C31^7     
   9 	 E7         	 C31^8     
  10 	 E8         	 C31^9     
  11 	 E9         	 C31^10    
  12 	 E10        	 C31^11    
  13 	 E11        	 C31^12    
  14 	 E12        	 C31^13    
  15 	 E13        	 C31^14    
  16 	 E14        	 C31^15    
  17 	 E15        	 C2'       

Table
         1         2         3         4         5         6         7         8         9         10        11        12        13        14        15        16        17     
   1   1.00000   1.00000   1.00000   1.00000   1.00000   1.00000   1.00000   1.00000   1.00000   1.00000   1.00000   1.00000   1.00000   1.00000   1.00000   1.00000   1.00000  
   2   1.00000   1.00000   1.00000   1.00000   1.00000   1.00000   1.00000   1.00000   1.00000   1.00000   1.00000   1.00000   1.00000   1.00000   1.00000   1.00000  -1.00000  
   3   2.00000   1.95906   1.83792   1.64153   1.37793   1.05793   0.69461   0.30286  -0.10130  -0.50131  -0.88079  -1.22421  -1.51752  -1.74869  -1.90828  -1.98974   0.00000  
   4   2.00000   1.83792   1.37793   0.69461  -0.10130  -0.88079  -1.51752  -1.90828  -1.98974  -1.74869  -1.22421  -0.50131   0.30286   1.05793   1.64153   1.95906   0.00000  
   5   2.00000   1.64153   0.69461  -0.50131  -1.51752  -1.98974  -1.74869  -0.88079   0.30286   1.37793   1.95906   1.83792   1.05793  -0.10130  -1.22421  -1.90828   0.00000  
   6   2.00000   1.37793  -0.10130  -1.51752  -1.98974  -1.22421   0.30286   1.64153   1.95906   1.05793  -0.50131  -1.74869  -1.90828  -0.88079   0.69461   1.83792   0.00000  
   7   2.00000   1.05793  -0.88079  -1.98974  -1.22421   0.69461   1.95906   1.37793  -0.50131  -1.90828  -1.51752   0.30286   1.83792   1.64153  -0.10130  -1.74869   0.00000  
   8   2.00000   0.69461  -1.51752  -1.74869   0.30286   1.95906   1.05793  -1.22421  -1.90828  -0.10130   1.83792   1.37793  -0.88079  -1.98974  -0.50131   1.64153   0.00000  
   9   2.00000   0.30286  -1.90828  -0.88079   1.64153   1.37793  -1.22421  -1.74869   0.69461   1.95906  -0.10130  -1.98974  -0.50131   1.83792   1.05793  -1.51752   0.00000  
  10   2.00000  -0.10130  -1.98974   0.30286   1.95906  -0.50131  -1.90828   0.69461   1.83792  -0.88079  -1.74869   1.05793   1.64153  -1.22421  -1.51752   1.37793   0.00000  
  11   2.00000  -0.50131  -1.74869   1.37793   1.05793  -1.90828  -0.10130   1.95906  -0.88079  -1.51752   1.64153   0.69461  -1.98974   0.30286   1.83792  -1.22421   0.00000  
  12   2.00000  -0.88079  -1.22421   1.95906  -0.50131  -1.51752   1.83792  -0.10130  -1.74869   1.64153   0.30286  -1.90828   1.37793   0.69461  -1.98974   1.05793   0.00000  
  13   2.00000  -1.22421  -0.50131   1.83792  -1.74869   0.30286   1.37793  -1.98974   1.05793   0.69461  -1.90828   1.64153  -0.10130  -1.51752   1.95906  -0.88079   0.00000  
  14   2.00000  -1.51752   0.30286   1.05793  -1.90828   1.83792  -0.88079  -0.50131   1.64153  -1.98974   1.37793  -0.10130  -1.22421   1.95906  -1.74869   0.69461   0.00000  
  15   2.00000  -1.74869   1.05793  -0.10130  -0.88079   1.64153  -1.98974   1.83792  -1.22421   0.30286   0.69461  -1.51752   1.95906  -1.90828   1.37793  -0.50131   0.00000  
  16   2.00000  -1.90828   1.64153  -1.22421   0.69461  -0.10130  -0.50131   1.05793  -1.51752   1.83792  -1.98974   1.95906  -1.74869   1.37793  -0.88079   0.30286   0.00000  
  17   2.00000  -1.98974   1.95906  -1.90828   1.83792  -1.74869   1.64153  -1.51752   1.37793  -1.22421   1.05793  -0.88079   0.69461  -0.50131   0.30286  -0.10130   0.00000  

