Group	D31d 
n	34

     	Irred     	Operation
   1 	 A1g        	 E         
   2 	 A2g        	 C31       
   3 	 E1g        	 C31^2     
   4 	 E2g        	 C31^3     
   5 	 E3g        	 C31^4     
   6 	 E4g        	 C31^5     
   7 	 E5g        	 C31^6     
   8 	 E6g        	 C31^7     
   9 	 E7g        	 C31^8     
  10 	 E8g        	 C31^9     
  11 	 E9g        	 C31^10    
  12 	 E10g       	 C31^11    
  13 	 E11g       	 C31^12    
  14 	 E12g       	 C31^13    
  15 	 E13g       	 C31^14    
  16 	 E14g       	 C31^15    
  17 	 E15g       	 C2'       
  18 	 A1u        	 i         
  19 	 A2u        	 S62       
  20 	 E1u        	 S62^3     
  21 	 E2u        	 S62^5     
  22 	 E3u        	 S62^7     
  23 	 E4u        	 S62^9     
  24 	 E5u        	 S62^11    
  25 	 E6u        	 S62^13    
  26 	 E7u        	 S62^15    
  27 	 E8u        	 S62^17    
  28 	 E9u        	 S62^19    
  29 	 E10u       	 S62^21    
  30 	 E11u       	 S62^23    
  31 	 E12u       	 S62^25    
  32 	 E13u       	 S62^27    
  33 	 E14u       	 S62^29    
  34 	 E15u       	 sd        

Table
         1         2         3         4         5         6         7         8         9         10        11        12        13        14        15        16        17        18        19        20        21        22        23        24        25        26        27        28        29        30        31        32        33        34     
   1   1.00000   1.00000   1.00000   1.00000   1.00000   1.00000   1.00000   1.00000   1.00000   1.00000   1.00000   1.00000   1.00000   1.00000   1.00000   1.00000   1.00000   1.00000   1.00000   1.00000   1.00000   1.00000   1.00000   1.00000   1.00000   1.00000   1.00000   1.00000   1.00000   1.00000   1.00000   1.00000   1.00000   1.00000  
   2   1.00000   1.00000   1.00000   1.00000   1.00000   1.00000   1.00000   1.00000   1.00000   1.00000   1.00000   1.00000   1.00000   1.00000   1.00000   1.00000  -1.00000   1.00000   1.00000   1.00000   1.00000   1.00000   1.00000   1.00000   1.00000   1.00000   1.00000   1.00000   1.00000   1.00000   1.00000   1.00000   1.00000  -1.00000  
   3   2.00000   1.95906   1.83792   1.64153   1.37793   1.05793   0.69461   0.30286  -0.10130  -0.50131  -0.88079  -1.22421  -1.51752  -1.74869  -1.90828  -1.98974   0.00000   2.00000  -1.98974  -1.90828  -1.74869  -1.51752  -1.22421  -0.88079  -0.50131  -0.10130   0.30286   0.69461   1.05793   1.37793   1.64153   1.83792   1.95906   0.00000  
   4   2.00000   1.83792   1.37793   0.69461  -0.10130  -0.88079  -1.51752  -1.90828  -1.98974  -1.74869  -1.22421  -0.50131   0.30286   1.05793   1.64153   1.95906   0.00000   2.00000   1.95906   1.64153   1.05793   0.30286  -0.50131  -1.22421  -1.74869  -1.98974  -1.90828  -1.51752  -0.88079  -0.10130   0.69461   1.37793   1.83792   0.00000  
   5   2.00000   1.64153   0.69461  -0.50131  -1.51752  -1.98974  -1.74869  -0.88079   0.30286   1.37793   1.95906   1.83792   1.05793  -0.10130  -1.22421  -1.90828   0.00000   2.00000  -1.90828  -1.22421  -0.10130   1.05793   1.83792   1.95906   1.37793   0.30286  -0.88079  -1.74869  -1.98974  -1.51752  -0.50131   0.69461   1.64153   0.00000  
   6   2.00000   1.37793  -0.10130  -1.51752  -1.98974  -1.22421   0.30286   1.64153   1.95906   1.05793  -0.50131  -1.74869  -1.90828  -0.88079   0.69461   1.83792   0.00000   2.00000   1.83792   0.69461  -0.88079  -1.90828  -1.74869  -0.50131   1.05793   1.95906   1.64153   0.30286  -1.22421  -1.98974  -1.51752  -0.10130   1.37793   0.00000  
   7   2.00000   1.05793  -0.88079  -1.98974  -1.22421   0.69461   1.95906   1.37793  -0.50131  -1.90828  -1.51752   0.30286   1.83792   1.64153  -0.10130  -1.74869   0.00000   2.00000  -1.74869  -0.10130   1.64153   1.83792   0.30286  -1.51752  -1.90828  -0.50131   1.37793   1.95906   0.69461  -1.22421  -1.98974  -0.88079   1.05793   0.00000  
   8   2.00000   0.69461  -1.51752  -1.74869   0.30286   1.95906   1.05793  -1.22421  -1.90828  -0.10130   1.83792   1.37793  -0.88079  -1.98974  -0.50131   1.64153   0.00000   2.00000   1.64153  -0.50131  -1.98974  -0.88079   1.37793   1.83792  -0.10130  -1.90828  -1.22421   1.05793   1.95906   0.30286  -1.74869  -1.51752   0.69461   0.00000  
   9   2.00000   0.30286  -1.90828  -0.88079   1.64153   1.37793  -1.22421  -1.74869   0.69461   1.95906  -0.10130  -1.98974  -0.50131   1.83792   1.05793  -1.51752   0.00000   2.00000  -1.51752   1.05793   1.83792  -0.50131  -1.98974  -0.10130   1.95906   0.69461  -1.74869  -1.22421   1.37793   1.64153  -0.88079  -1.90828   0.30286   0.00000  
  10   2.00000  -0.10130  -1.98974   0.30286   1.95906  -0.50131  -1.90828   0.69461   1.83792  -0.88079  -1.74869   1.05793   1.64153  -1.22421  -1.51752   1.37793   0.00000   2.00000   1.37793  -1.51752  -1.22421   1.64153   1.05793  -1.74869  -0.88079   1.83792   0.69461  -1.90828  -0.50131   1.95906   0.30286  -1.98974  -0.10130   0.00000  
  11   2.00000  -0.50131  -1.74869   1.37793   1.05793  -1.90828  -0.10130   1.95906  -0.88079  -1.51752   1.64153   0.69461  -1.98974   0.30286   1.83792  -1.22421   0.00000   2.00000  -1.22421   1.83792   0.30286  -1.98974   0.69461   1.64153  -1.51752  -0.88079   1.95906  -0.10130  -1.90828   1.05793   1.37793  -1.74869  -0.50131   0.00000  
  12   2.00000  -0.88079  -1.22421   1.95906  -0.50131  -1.51752   1.83792  -0.10130  -1.74869   1.64153   0.30286  -1.90828   1.37793   0.69461  -1.98974   1.05793   0.00000   2.00000   1.05793  -1.98974   0.69461   1.37793  -1.90828   0.30286   1.64153  -1.74869  -0.10130   1.83792  -1.51752  -0.50131   1.95906  -1.22421  -0.88079   0.00000  
  13   2.00000  -1.22421  -0.50131   1.83792  -1.74869   0.30286   1.37793  -1.98974   1.05793   0.69461  -1.90828   1.64153  -0.10130  -1.51752   1.95906  -0.88079   0.00000   2.00000  -0.88079   1.95906  -1.51752  -0.10130   1.64153  -1.90828   0.69461   1.05793  -1.98974   1.37793   0.30286  -1.74869   1.83792  -0.50131  -1.22421   0.00000  
  14   2.00000  -1.51752   0.30286   1.05793  -1.90828   1.83792  -0.88079  -0.50131   1.64153  -1.98974   1.37793  -0.10130  -1.22421   1.95906  -1.74869   0.69461   0.00000   2.00000   0.69461  -1.74869   1.95906  -1.22421  -0.10130   1.37793  -1.98974   1.64153  -0.50131  -0.88079   1.83792  -1.90828   1.05793   0.30286  -1.51752   0.00000  
  15   2.00000  -1.74869   1.05793  -0.10130  -0.88079   1.64153  -1.98974   1.83792  -1.22421   0.30286   0.69461  -1.51752   1.95906  -1.90828   1.37793  -0.50131   0.00000   2.00000  -0.50131   1.37793  -1.90828   1.95906  -1.51752   0.69461   0.30286  -1.22421   1.83792  -1.98974   1.64153  -0.88079  -0.10130   1.05793  -1.74869   0.00000  
  16   2.00000  -1.90828   1.64153  -1.22421   0.69461  -0.10130  -0.50131   1.05793  -1.51752   1.83792  -1.98974   1.95906  -1.74869   1.37793  -0.88079   0.30286   0.00000   2.00000   0.30286  -0.88079   1.37793  -1.74869   1.95906  -1.98974   1.83792  -1.51752   1.05793  -0.50131  -0.10130   0.69461  -1.22421   1.64153  -1.90828   0.00000  
  17   2.00000  -1.98974   1.95906  -1.90828   1.83792  -1.74869   1.64153  -1.51752   1.37793  -1.22421   1.05793  -0.88079   0.69461  -0.50131   0.30286  -0.10130   0.00000   2.00000  -0.10130   0.30286  -0.50131   0.69461  -0.88079   1.05793  -1.22421   1.37793  -1.51752   1.64153  -1.74869   1.83792  -1.90828   1.95906  -1.98974   0.00000  
  18   1.00000   1.00000   1.00000   1.00000   1.00000   1.00000   1.00000   1.00000   1.00000   1.00000   1.00000   1.00000   1.00000   1.00000   1.00000   1.00000   1.00000  -1.00000  -1.00000  -1.00000  -1.00000  -1.00000  -1.00000  -1.00000  -1.00000  -1.00000  -1.00000  -1.00000  -1.00000  -1.00000  -1.00000  -1.00000  -1.00000  -1.00000  
  19   1.00000   1.00000   1.00000   1.00000   1.00000   1.00000   1.00000   1.00000   1.00000   1.00000   1.00000   1.00000   1.00000   1.00000   1.00000   1.00000  -1.00000  -1.00000  -1.00000  -1.00000  -1.00000  -1.00000  -1.00000  -1.00000  -1.00000  -1.00000  -1.00000  -1.00000  -1.00000  -1.00000  -1.00000  -1.00000  -1.00000   1.00000  
  20   2.00000   1.95906   1.83792   1.64153   1.37793   1.05793   0.69461   0.30286  -0.10130  -0.50131  -0.88079  -1.22421  -1.51752  -1.74869  -1.90828  -1.98974   0.00000  -2.00000   1.98974   1.90828   1.74869   1.51752   1.22421   0.88079   0.50131   0.10130  -0.30286  -0.69461  -1.05793  -1.37793  -1.64153  -1.83792  -1.95906   0.00000  
  21   2.00000   1.83792   1.37793   0.69461  -0.10130  -0.88079  -1.51752  -1.90828  -1.98974  -1.74869  -1.22421  -0.50131   0.30286   1.05793   1.64153   1.95906   0.00000  -2.00000  -1.95906  -1.64153  -1.05793  -0.30286   0.50131   1.22421   1.74869   1.98974   1.90828   1.51752   0.88079   0.10130  -0.69461  -1.37793  -1.83792   0.00000  
  22   2.00000   1.64153   0.69461  -0.50131  -1.51752  -1.98974  -1.74869  -0.88079   0.30286   1.37793   1.95906   1.83792   1.05793  -0.10130  -1.22421  -1.90828   0.00000  -2.00000   1.90828   1.22421   0.10130  -1.05793  -1.83792  -1.95906  -1.37793  -0.30286   0.88079   1.74869   1.98974   1.51752   0.50131  -0.69461  -1.64153   0.00000  
  23   2.00000   1.37793  -0.10130  -1.51752  -1.98974  -1.22421   0.30286   1.64153   1.95906   1.05793  -0.50131  -1.74869  -1.90828  -0.88079   0.69461   1.83792   0.00000  -2.00000  -1.83792  -0.69461   0.88079   1.90828   1.74869   0.50131  -1.05793  -1.95906  -1.64153  -0.30286   1.22421   1.98974   1.51752   0.10130  -1.37793   0.00000  
  24   2.00000   1.05793  -0.88079  -1.98974  -1.22421   0.69461   1.95906   1.37793  -0.50131  -1.90828  -1.51752   0.30286   1.83792   1.64153  -0.10130  -1.74869   0.00000  -2.00000   1.74869   0.10130  -1.64153  -1.83792  -0.30286   1.51752   1.90828   0.50131  -1.37793  -1.95906  -0.69461   1.22421   1.98974   0.88079  -1.05793   0.00000  
  25   2.00000   0.69461  -1.51752  -1.74869   0.30286   1.95906   1.05793  -1.22421  -1.90828  -0.10130   1.83792   1.37793  -0.88079  -1.98974  -0.50131   1.64153   0.00000  -2.00000  -1.64153   0.50131   1.98974   0.88079  -1.37793  -1.83792   0.10130   1.90828   1.22421  -1.05793  -1.95906  -0.30286   1.74869   1.51752  -0.69461   0.00000  
  26   2.00000   0.30286  -1.90828  -0.88079   1.64153   1.37793  -1.22421  -1.74869   0.69461   1.95906  -0.10130  -1.98974  -0.50131   1.83792   1.05793  -1.51752   0.00000  -2.00000   1.51752  -1.05793  -1.83792   0.50131   1.98974   0.10130  -1.95906  -0.69461   1.74869   1.22421  -1.37793  -1.64153   0.88079   1.90828  -0.30286   0.00000  
  27   2.00000  -0.10130  -1.98974   0.30286   1.95906  -0.50131  -1.90828   0.69461   1.83792  -0.88079  -1.74869   1.05793   1.64153  -1.22421  -1.51752   1.37793   0.00000  -2.00000  -1.37793   1.51752   1.22421  -1.64153  -1.05793   1.74869   0.88079  -1.83792  -0.69461   1.90828   0.50131  -1.95906  -0.30286   1.98974   0.10130   0.00000  
  28   2.00000  -0.50131  -1.74869   1.37793   1.05793  -1.90828  -0.10130   1.95906  -0.88079  -1.51752   1.64153   0.69461  -1.98974   0.30286   1.83792  -1.22421   0.00000  -2.00000   1.22421  -1.83792  -0.30286   1.98974  -0.69461  -1.64153   1.51752   0.88079  -1.95906   0.10130   1.90828  -1.05793  -1.37793   1.74869   0.50131   0.00000  
  29   2.00000  -0.88079  -1.22421   1.95906  -0.50131  -1.51752   1.83792  -0.10130  -1.74869   1.64153   0.30286  -1.90828   1.37793   0.69461  -1.98974   1.05793   0.00000  -2.00000  -1.05793   1.98974  -0.69461  -1.37793   1.90828  -0.30286  -1.64153   1.74869   0.10130  -1.83792   1.51752   0.50131  -1.95906   1.22421   0.88079   0.00000  
  30   2.00000  -1.22421  -0.50131   1.83792  -1.74869   0.30286   1.37793  -1.98974   1.05793   0.69461  -1.90828   1.64153  -0.10130  -1.51752   1.95906  -0.88079   0.00000  -2.00000   0.88079  -1.95906   1.51752   0.10130  -1.64153   1.90828  -0.69461  -1.05793   1.98974  -1.37793  -0.30286   1.74869  -1.83792   0.50131   1.22421   0.00000  
  31   2.00000  -1.51752   0.30286   1.05793  -1.90828   1.83792  -0.88079  -0.50131   1.64153  -1.98974   1.37793  -0.10130  -1.22421   1.95906  -1.74869   0.69461   0.00000  -2.00000  -0.69461   1.74869  -1.95906   1.22421   0.10130  -1.37793   1.98974  -1.64153   0.50131   0.88079  -1.83792   1.90828  -1.05793  -0.30286   1.51752   0.00000  
  32   2.00000  -1.74869   1.05793  -0.10130  -0.88079   1.64153  -1.98974   1.83792  -1.22421   0.30286   0.69461  -1.51752   1.95906  -1.90828   1.37793  -0.50131   0.00000  -2.00000   0.50131  -1.37793   1.90828  -1.95906   1.51752  -0.69461  -0.30286   1.22421  -1.83792   1.98974  -1.64153   0.88079   0.10130  -1.05793   1.74869   0.00000  
  33   2.00000  -1.90828   1.64153  -1.22421   0.69461  -0.10130  -0.50131   1.05793  -1.51752   1.83792  -1.98974   1.95906  -1.74869   1.37793  -0.88079   0.30286   0.00000  -2.00000  -0.30286   0.88079  -1.37793   1.74869  -1.95906   1.98974  -1.83792   1.51752  -1.05793   0.50131   0.10130  -0.69461   1.22421  -1.64153   1.90828   0.00000  
  34   2.00000  -1.98974   1.95906  -1.90828   1.83792  -1.74869   1.64153  -1.51752   1.37793  -1.22421   1.05793  -0.88079   0.69461  -0.50131   0.30286  -0.10130   0.00000  -2.00000   0.10130  -0.30286   0.50131  -0.69461   0.88079  -1.05793   1.22421  -1.37793   1.51752  -1.64153   1.74869  -1.83792   1.90828  -1.95906   1.98974   0.00000  

