Group	D32 
n	19

     	Irred     	Operation
   1 	 A1         	 E         
   2 	 A2         	 C32       
   3 	 B1         	 C16       
   4 	 B2         	 C32^3     
   5 	 E1         	 C8        
   6 	 E2         	 C32^5     
   7 	 E3         	 C16^3     
   8 	 E4         	 C32^7     
   9 	 E5         	 C4        
  10 	 E6         	 C32^9     
  11 	 E7         	 C16^5     
  12 	 E8         	 C32^11    
  13 	 E9         	 C8^3      
  14 	 E10        	 C32^13    
  15 	 E11        	 C16^7     
  16 	 E12        	 C32^15    
  17 	 E13        	 C2        
  18 	 E14        	 C2'       
  19 	 E15        	 C2"       

Table
         1         2         3         4         5         6         7         8         9         10        11        12        13        14        15        16        17        18        19     
   1   1.00000   1.00000   1.00000   1.00000   1.00000   1.00000   1.00000   1.00000   1.00000   1.00000   1.00000   1.00000   1.00000   1.00000   1.00000   1.00000   1.00000   1.00000   1.00000  
   2   1.00000   1.00000   1.00000   1.00000   1.00000   1.00000   1.00000   1.00000   1.00000   1.00000   1.00000   1.00000   1.00000   1.00000   1.00000   1.00000   1.00000  -1.00000  -1.00000  
   3   1.00000  -1.00000   1.00000  -1.00000   1.00000  -1.00000   1.00000  -1.00000   1.00000  -1.00000   1.00000  -1.00000   1.00000  -1.00000   1.00000  -1.00000   1.00000   1.00000  -1.00000  
   4   1.00000  -1.00000   1.00000  -1.00000   1.00000  -1.00000   1.00000  -1.00000   1.00000  -1.00000   1.00000  -1.00000   1.00000  -1.00000   1.00000  -1.00000   1.00000  -1.00000   1.00000  
   5   2.00000   1.96157   1.84776   1.66294   1.41421   1.11114   0.76537   0.39018   0.00000  -0.39018  -0.76537  -1.11114  -1.41421  -1.66294  -1.84776  -1.96157  -2.00000   0.00000   0.00000  
   6   2.00000   1.84776   1.41421   0.76537   0.00000  -0.76537  -1.41421  -1.84776  -2.00000  -1.84776  -1.41421  -0.76537   0.00000   0.76537   1.41421   1.84776   2.00000   0.00000   0.00000  
   7   2.00000   1.66294   0.76537  -0.39018  -1.41421  -1.96157  -1.84776  -1.11114   0.00000   1.11114   1.84776   1.96157   1.41421   0.39018  -0.76537  -1.66294  -2.00000   0.00000   0.00000  
   8   2.00000   1.41421   0.00000  -1.41421  -2.00000  -1.41421   0.00000   1.41421   2.00000   1.41421   0.00000  -1.41421  -2.00000  -1.41421   0.00000   1.41421   2.00000   0.00000   0.00000  
   9   2.00000   1.11114  -0.76537  -1.96157  -1.41421   0.39018   1.84776   1.66294   0.00000  -1.66294  -1.84776  -0.39018   1.41421   1.96157   0.76537  -1.11114  -2.00000   0.00000   0.00000  
  10   2.00000   0.76537  -1.41421  -1.84776   0.00000   1.84776   1.41421  -0.76537  -2.00000  -0.76537   1.41421   1.84776   0.00000  -1.84776  -1.41421   0.76537   2.00000   0.00000   0.00000  
  11   2.00000   0.39018  -1.84776  -1.11114   1.41421   1.66294  -0.76537  -1.96157   0.00000   1.96157   0.76537  -1.66294  -1.41421   1.11114   1.84776  -0.39018  -2.00000   0.00000   0.00000  
  12   2.00000   0.00000  -2.00000   0.00000   2.00000   0.00000  -2.00000   0.00000   2.00000   0.00000  -2.00000   0.00000   2.00000   0.00000  -2.00000   0.00000   2.00000   0.00000   0.00000  
  13   2.00000  -0.39018  -1.84776   1.11114   1.41421  -1.66294  -0.76537   1.96157   0.00000  -1.96157   0.76537   1.66294  -1.41421  -1.11114   1.84776   0.39018  -2.00000   0.00000   0.00000  
  14   2.00000  -0.76537  -1.41421   1.84776   0.00000  -1.84776   1.41421   0.76537  -2.00000   0.76537   1.41421  -1.84776   0.00000   1.84776  -1.41421  -0.76537   2.00000   0.00000   0.00000  
  15   2.00000  -1.11114  -0.76537   1.96157  -1.41421  -0.39018   1.84776  -1.66294   0.00000   1.66294  -1.84776   0.39018   1.41421  -1.96157   0.76537   1.11114  -2.00000   0.00000   0.00000  
  16   2.00000  -1.41421   0.00000   1.41421  -2.00000   1.41421   0.00000  -1.41421   2.00000  -1.41421   0.00000   1.41421  -2.00000   1.41421   0.00000  -1.41421   2.00000   0.00000   0.00000  
  17   2.00000  -1.66294   0.76537   0.39018  -1.41421   1.96157  -1.84776   1.11114   0.00000  -1.11114   1.84776  -1.96157   1.41421  -0.39018  -0.76537   1.66294  -2.00000   0.00000   0.00000  
  18   2.00000  -1.84776   1.41421  -0.76537   0.00000   0.76537  -1.41421   1.84776  -2.00000   1.84776  -1.41421   0.76537   0.00000  -0.76537   1.41421  -1.84776   2.00000   0.00000   0.00000  
  19   2.00000  -1.96157   1.84776  -1.66294   1.41421  -1.11114   0.76537  -0.39018   0.00000   0.39018  -0.76537   1.11114  -1.41421   1.66294  -1.84776   1.96157  -2.00000   0.00000   0.00000  

