Group	D3d 
n	6

     	Irred     	Operation
   1 	 A1g        	 E         
   2 	 A2g        	 C3        
   3 	 Eg         	 C2'       
   4 	 A1u        	 i         
   5 	 A2u        	 S6        
   6 	 Eu         	 sd        

Table
         1         2         3         4         5         6      
   1   1.00000   1.00000   1.00000   1.00000   1.00000   1.00000  
   2   1.00000   1.00000  -1.00000   1.00000   1.00000  -1.00000  
   3   2.00000  -1.00000   0.00000   2.00000  -1.00000   0.00000  
   4   1.00000   1.00000   1.00000  -1.00000  -1.00000  -1.00000  
   5   1.00000   1.00000  -1.00000  -1.00000  -1.00000   1.00000  
   6   2.00000  -1.00000   0.00000  -2.00000   1.00000   0.00000  

