Group	D3h 
n	6

     	Irred     	Operation
   1 	 A1'        	 E         
   2 	 A1"        	 C3        
   3 	 A2'        	 C2'       
   4 	 A2"        	 sh        
   5 	 E'         	 S3        
   6 	 E"         	 sv        

Table
         1         2         3         4         5         6      
   1   1.00000   1.00000   1.00000   1.00000   1.00000   1.00000  
   2   1.00000   1.00000   1.00000  -1.00000  -1.00000  -1.00000  
   3   1.00000   1.00000  -1.00000   1.00000   1.00000  -1.00000  
   4   1.00000   1.00000  -1.00000  -1.00000  -1.00000   1.00000  
   5   2.00000  -1.00000   0.00000   2.00000  -1.00000   0.00000  
   6   2.00000  -1.00000   0.00000  -2.00000   1.00000   0.00000  

