Group	D4h 
n	10

     	Irred     	Operation
   1 	 A1g        	 E         
   2 	 A2g        	 C4        
   3 	 B1g        	 C2        
   4 	 B2g        	 C2'       
   5 	 Eg         	 C2"       
   6 	 A1u        	 i         
   7 	 A2u        	 S4        
   8 	 B1u        	 sh        
   9 	 B2u        	 sv        
  10 	 Eu         	 sd        

Table
         1         2         3         4         5         6         7         8         9         10     
   1   1.00000   1.00000   1.00000   1.00000   1.00000   1.00000   1.00000   1.00000   1.00000   1.00000  
   2   1.00000   1.00000   1.00000  -1.00000  -1.00000   1.00000   1.00000   1.00000  -1.00000  -1.00000  
   3   1.00000  -1.00000   1.00000   1.00000  -1.00000   1.00000  -1.00000   1.00000   1.00000  -1.00000  
   4   1.00000  -1.00000   1.00000  -1.00000   1.00000   1.00000  -1.00000   1.00000  -1.00000   1.00000  
   5   2.00000   0.00000  -2.00000   0.00000   0.00000   2.00000   0.00000  -2.00000   0.00000   0.00000  
   6   1.00000   1.00000   1.00000   1.00000   1.00000  -1.00000  -1.00000  -1.00000  -1.00000  -1.00000  
   7   1.00000   1.00000   1.00000  -1.00000  -1.00000  -1.00000  -1.00000  -1.00000   1.00000   1.00000  
   8   1.00000  -1.00000   1.00000   1.00000  -1.00000  -1.00000   1.00000  -1.00000  -1.00000   1.00000  
   9   1.00000  -1.00000   1.00000  -1.00000   1.00000  -1.00000   1.00000  -1.00000   1.00000  -1.00000  
  10   2.00000   0.00000  -2.00000   0.00000   0.00000  -2.00000   0.00000   2.00000   0.00000   0.00000  

