Group	D5d 
n	8

     	Irred     	Operation
   1 	 A1g        	 E         
   2 	 A2g        	 C5        
   3 	 E1g        	 C5^2      
   4 	 E2g        	 C2'       
   5 	 A1u        	 i         
   6 	 A2u        	 S10       
   7 	 E1u        	 S10^3     
   8 	 E2u        	 sd        

Table
         1         2         3         4         5         6         7         8      
   1   1.00000   1.00000   1.00000   1.00000   1.00000   1.00000   1.00000   1.00000  
   2   1.00000   1.00000   1.00000  -1.00000   1.00000   1.00000   1.00000  -1.00000  
   3   2.00000   0.61800  -1.61800   0.00000   2.00000  -1.61800   0.61800   0.00000  
   4   2.00000  -1.61800   0.61800   0.00000   2.00000   0.61800  -1.61800   0.00000  
   5   1.00000   1.00000   1.00000   1.00000  -1.00000  -1.00000  -1.00000  -1.00000  
   6   1.00000   1.00000   1.00000  -1.00000  -1.00000  -1.00000  -1.00000   1.00000  
   7   2.00000   0.61800  -1.61800   0.00000  -2.00000   1.61800  -0.61800   0.00000  
   8   2.00000  -1.61800   0.61800   0.00000  -2.00000  -0.61800   1.61800   0.00000  

