Group	D5h 
n	8

     	Irred     	Operation
   1 	 A1'        	 E         
   2 	 A1"        	 C5        
   3 	 A2'        	 C5^2      
   4 	 A2"        	 C2'       
   5 	 E1'        	 sh        
   6 	 E1"        	 S5        
   7 	 E2'        	 S5^3      
   8 	 E2"        	 sv        

Table
         1         2         3         4         5         6         7         8      
   1   1.00000   1.00000   1.00000   1.00000   1.00000   1.00000   1.00000   1.00000  
   2   1.00000   1.00000   1.00000   1.00000  -1.00000  -1.00000  -1.00000  -1.00000  
   3   1.00000   1.00000   1.00000  -1.00000   1.00000   1.00000   1.00000  -1.00000  
   4   1.00000   1.00000   1.00000  -1.00000  -1.00000  -1.00000  -1.00000   1.00000  
   5   2.00000   0.61800  -1.61800   0.00000   2.00000   0.61800  -1.61800   0.00000  
   6   2.00000   0.61800  -1.61800   0.00000  -2.00000  -0.61800   1.61800   0.00000  
   7   2.00000  -1.61800   0.61800   0.00000   2.00000  -1.61800   0.61800   0.00000  
   8   2.00000  -1.61800   0.61800   0.00000  -2.00000   1.61800  -0.61800   0.00000  

