Group	D6 
n	6

     	Irred     	Operation
   1 	 A1         	 E         
   2 	 A2         	 C6        
   3 	 B1         	 C3        
   4 	 B2         	 C2        
   5 	 E1         	 C2'       
   6 	 E2         	 C2"       

Table
         1         2         3         4         5         6      
   1   1.00000   1.00000   1.00000   1.00000   1.00000   1.00000  
   2   1.00000   1.00000   1.00000   1.00000  -1.00000  -1.00000  
   3   1.00000  -1.00000   1.00000  -1.00000   1.00000  -1.00000  
   4   1.00000  -1.00000   1.00000  -1.00000  -1.00000   1.00000  
   5   2.00000   1.00000  -1.00000  -2.00000   0.00000   0.00000  
   6   2.00000  -1.00000  -1.00000   2.00000   0.00000   0.00000  

