Group	D6h 
n	12

     	Irred     	Operation
   1 	 A1g        	 E         
   2 	 A2g        	 C6        
   3 	 B1g        	 C3        
   4 	 B2g        	 C2        
   5 	 E1g        	 C2'       
   6 	 E2g        	 C2"       
   7 	 A1u        	 i         
   8 	 A2u        	 S6        
   9 	 B1u        	 S3        
  10 	 B2u        	 sh        
  11 	 E1u        	 sv        
  12 	 E2u        	 sd        

Table
         1         2         3         4         5         6         7         8         9         10        11        12     
   1   1.00000   1.00000   1.00000   1.00000   1.00000   1.00000   1.00000   1.00000   1.00000   1.00000   1.00000   1.00000  
   2   1.00000   1.00000   1.00000   1.00000  -1.00000  -1.00000   1.00000   1.00000   1.00000   1.00000  -1.00000  -1.00000  
   3   1.00000  -1.00000   1.00000  -1.00000   1.00000  -1.00000   1.00000   1.00000  -1.00000  -1.00000  -1.00000   1.00000  
   4   1.00000  -1.00000   1.00000  -1.00000  -1.00000   1.00000   1.00000   1.00000  -1.00000  -1.00000   1.00000  -1.00000  
   5   2.00000   1.00000  -1.00000  -2.00000   0.00000   0.00000   2.00000  -1.00000   1.00000  -2.00000   0.00000   0.00000  
   6   2.00000  -1.00000  -1.00000   2.00000   0.00000   0.00000   2.00000  -1.00000  -1.00000   2.00000   0.00000   0.00000  
   7   1.00000   1.00000   1.00000   1.00000   1.00000   1.00000  -1.00000  -1.00000  -1.00000  -1.00000  -1.00000  -1.00000  
   8   1.00000   1.00000   1.00000   1.00000  -1.00000  -1.00000  -1.00000  -1.00000  -1.00000  -1.00000   1.00000   1.00000  
   9   1.00000  -1.00000   1.00000  -1.00000   1.00000  -1.00000  -1.00000  -1.00000   1.00000   1.00000   1.00000  -1.00000  
  10   1.00000  -1.00000   1.00000  -1.00000  -1.00000   1.00000  -1.00000  -1.00000   1.00000   1.00000  -1.00000   1.00000  
  11   2.00000   1.00000  -1.00000  -2.00000   0.00000   0.00000  -2.00000   1.00000  -1.00000   2.00000   0.00000   0.00000  
  12   2.00000  -1.00000  -1.00000   2.00000   0.00000   0.00000  -2.00000   1.00000   1.00000  -2.00000   0.00000   0.00000  

