Group	D7 
n	5

     	Irred     	Operation
   1 	 A1         	 E         
   2 	 A2         	 C7        
   3 	 E1         	 C7^2      
   4 	 E2         	 C7^3      
   5 	 E3         	 C2'       

Table
         1         2         3         4         5      
   1   1.00000   1.00000   1.00000   1.00000   1.00000  
   2   1.00000   1.00000   1.00000   1.00000  -1.00000  
   3   2.00000   1.24690  -0.44500  -1.80190   0.00000  
   4   2.00000  -0.44500  -1.80190   1.24690   0.00000  
   5   2.00000  -1.80190   1.24690  -0.44500   0.00000  

