Group	D7d 
n	10

     	Irred     	Operation
   1 	 A1g        	 E         
   2 	 A2g        	 C7        
   3 	 E1g        	 C7^2      
   4 	 E2g        	 C7^3      
   5 	 E3g        	 C2'       
   6 	 A1u        	 i         
   7 	 A2u        	 S14       
   8 	 E1u        	 S14^3     
   9 	 E2u        	 S14^5     
  10 	 E3u        	 sd        

Table
         1         2         3         4         5         6         7         8         9         10     
   1   1.00000   1.00000   1.00000   1.00000   1.00000   1.00000   1.00000   1.00000   1.00000   1.00000  
   2   1.00000   1.00000   1.00000   1.00000  -1.00000   1.00000   1.00000   1.00000   1.00000  -1.00000  
   3   2.00000   1.24690  -0.44500  -1.80190   0.00000   2.00000  -1.80190  -0.44500   1.24690   0.00000  
   4   2.00000  -0.44500  -1.80190   1.24690   0.00000   2.00000   1.24690  -1.80190  -0.44500   0.00000  
   5   2.00000  -1.80190   1.24690  -0.44500   0.00000   2.00000  -0.44500   1.24690  -1.80190   0.00000  
   6   1.00000   1.00000   1.00000   1.00000   1.00000  -1.00000  -1.00000  -1.00000  -1.00000  -1.00000  
   7   1.00000   1.00000   1.00000   1.00000  -1.00000  -1.00000  -1.00000  -1.00000  -1.00000   1.00000  
   8   2.00000   1.24690  -0.44500  -1.80190   0.00000  -2.00000   1.80190   0.44500  -1.24690   0.00000  
   9   2.00000  -0.44500  -1.80190   1.24690   0.00000  -2.00000  -1.24690   1.80190   0.44500   0.00000  
  10   2.00000  -1.80190   1.24690  -0.44500   0.00000  -2.00000   0.44500  -1.24690   1.80190   0.00000  

