Group	D7h 
n	10

     	Irred     	Operation
   1 	 A1'        	 E         
   2 	 A1"        	 C7        
   3 	 A2'        	 C7^2      
   4 	 A2"        	 C7^3      
   5 	 E1'        	 C2'       
   6 	 E1"        	 sh        
   7 	 E2'        	 S7        
   8 	 E2"        	 S7^3      
   9 	 E3'        	 S7^5      
  10 	 E3"        	 sv        

Table
         1         2         3         4         5         6         7         8         9         10     
   1   1.00000   1.00000   1.00000   1.00000   1.00000   1.00000   1.00000   1.00000   1.00000   1.00000  
   2   1.00000   1.00000   1.00000   1.00000   1.00000  -1.00000  -1.00000  -1.00000  -1.00000  -1.00000  
   3   1.00000   1.00000   1.00000   1.00000  -1.00000   1.00000   1.00000   1.00000   1.00000  -1.00000  
   4   1.00000   1.00000   1.00000   1.00000  -1.00000  -1.00000  -1.00000  -1.00000  -1.00000   1.00000  
   5   2.00000   1.24690  -0.44500  -1.80190   0.00000   2.00000   1.24690  -1.80190  -0.44500   0.00000  
   6   2.00000   1.24690  -0.44500  -1.80190   0.00000  -2.00000  -1.24690   1.80190   0.44500   0.00000  
   7   2.00000  -0.44500  -1.80190   1.24690   0.00000   2.00000  -0.44500   1.24690  -1.80190   0.00000  
   8   2.00000  -0.44500  -1.80190   1.24690   0.00000  -2.00000   0.44500  -1.24690   1.80190   0.00000  
   9   2.00000  -1.80190   1.24690  -0.44500   0.00000   2.00000  -1.80190  -0.44500   1.24690   0.00000  
  10   2.00000  -1.80190   1.24690  -0.44500   0.00000  -2.00000   1.80190   0.44500  -1.24690   0.00000  

