Group	D8 
n	7

     	Irred     	Operation
   1 	 A1         	 E         
   2 	 A2         	 C8        
   3 	 B1         	 C4        
   4 	 B2         	 C8^3      
   5 	 E1         	 C2        
   6 	 E2         	 C2'       
   7 	 E3         	 C2"       

Table
         1         2         3         4         5         6         7      
   1   1.00000   1.00000   1.00000   1.00000   1.00000   1.00000   1.00000  
   2   1.00000   1.00000   1.00000   1.00000   1.00000  -1.00000  -1.00000  
   3   1.00000  -1.00000   1.00000  -1.00000   1.00000   1.00000  -1.00000  
   4   1.00000  -1.00000   1.00000  -1.00000   1.00000  -1.00000   1.00000  
   5   2.00000   1.41420   0.00000  -1.41420  -2.00000   0.00000   0.00000  
   6   2.00000   0.00000  -2.00000   0.00000   2.00000   0.00000   0.00000  
   7   2.00000  -1.41420   0.00000   1.41420  -2.00000   0.00000   0.00000  

