Group	D8h 
n	14

     	Irred     	Operation
   1 	 A1g        	 E         
   2 	 A2g        	 C8        
   3 	 B1g        	 C4        
   4 	 B2g        	 C8^3      
   5 	 E1g        	 C2        
   6 	 E2g        	 C2'       
   7 	 E3g        	 C2"       
   8 	 A1u        	 i         
   9 	 A2u        	 S8        
  10 	 B1u        	 S4        
  11 	 B2u        	 S8^3      
  12 	 E1u        	 sh        
  13 	 E2u        	 sv        
  14 	 E3u        	 sd        

Table
         1         2         3         4         5         6         7         8         9         10        11        12        13        14     
   1   1.00000   1.00000   1.00000   1.00000   1.00000   1.00000   1.00000   1.00000   1.00000   1.00000   1.00000   1.00000   1.00000   1.00000  
   2   1.00000   1.00000   1.00000   1.00000   1.00000  -1.00000  -1.00000   1.00000   1.00000   1.00000   1.00000   1.00000  -1.00000  -1.00000  
   3   1.00000  -1.00000   1.00000  -1.00000   1.00000   1.00000  -1.00000   1.00000  -1.00000   1.00000  -1.00000   1.00000   1.00000  -1.00000  
   4   1.00000  -1.00000   1.00000  -1.00000   1.00000  -1.00000   1.00000   1.00000  -1.00000   1.00000  -1.00000   1.00000  -1.00000   1.00000  
   5   2.00000   1.41420   0.00000  -1.41420  -2.00000   0.00000   0.00000   2.00000  -1.41420   0.00000   1.41420  -2.00000   0.00000   0.00000  
   6   2.00000   0.00000  -2.00000   0.00000   2.00000   0.00000   0.00000   2.00000   0.00000  -2.00000   0.00000   2.00000   0.00000   0.00000  
   7   2.00000  -1.41420   0.00000   1.41420  -2.00000   0.00000   0.00000   2.00000   1.41420   0.00000  -1.41420  -2.00000   0.00000   0.00000  
   8   1.00000   1.00000   1.00000   1.00000   1.00000   1.00000   1.00000  -1.00000  -1.00000  -1.00000  -1.00000  -1.00000  -1.00000  -1.00000  
   9   1.00000   1.00000   1.00000   1.00000   1.00000  -1.00000  -1.00000  -1.00000  -1.00000  -1.00000  -1.00000  -1.00000   1.00000   1.00000  
  10   1.00000  -1.00000   1.00000  -1.00000   1.00000   1.00000  -1.00000  -1.00000   1.00000  -1.00000   1.00000  -1.00000  -1.00000   1.00000  
  11   1.00000  -1.00000   1.00000  -1.00000   1.00000  -1.00000   1.00000  -1.00000   1.00000  -1.00000   1.00000  -1.00000   1.00000  -1.00000  
  12   2.00000   1.41420   0.00000  -1.41420  -2.00000   0.00000   0.00000  -2.00000   1.41420   0.00000  -1.41420   2.00000   0.00000   0.00000  
  13   2.00000   0.00000  -2.00000   0.00000   2.00000   0.00000   0.00000  -2.00000   0.00000   2.00000   0.00000  -2.00000   0.00000   0.00000  
  14   2.00000  -1.41420   0.00000   1.41420  -2.00000   0.00000   0.00000  -2.00000  -1.41420   0.00000   1.41420   2.00000   0.00000   0.00000  

