Group	D9 
n	6

     	Irred     	Operation
   1 	 A1         	 E         
   2 	 A2         	 C9        
   3 	 E1         	 C9^2      
   4 	 E2         	 C3        
   5 	 E3         	 C9^4      
   6 	 E4         	 C2'       

Table
         1         2         3         4         5         6      
   1   1.00000   1.00000   1.00000   1.00000   1.00000   1.00000  
   2   1.00000   1.00000   1.00000   1.00000   1.00000  -1.00000  
   3   2.00000   1.53200   0.34730  -1.00000  -1.87930   0.00000  
   4   2.00000   0.34730  -1.87930  -1.00000   1.53200   0.00000  
   5   2.00000  -1.00000  -1.00000   2.00000  -1.00000   0.00000  
   6   2.00000  -1.87930   1.53200  -1.00000   0.34730   0.00000  

