Group	D9d 
n	12

     	Irred     	Operation
   1 	 A1g        	 E         
   2 	 A2g        	 C9        
   3 	 E1g        	 C9^2      
   4 	 E2g        	 C3        
   5 	 E3g        	 C9^4      
   6 	 E4g        	 C2'       
   7 	 A1u        	 i         
   8 	 A2u        	 S18       
   9 	 E1u        	 S6        
  10 	 E2u        	 S18^5     
  11 	 E3u        	 S18^7     
  12 	 E4u        	 sd        

Table
         1         2         3         4         5         6         7         8         9         10        11        12     
   1   1.00000   1.00000   1.00000   1.00000   1.00000   1.00000   1.00000   1.00000   1.00000   1.00000   1.00000   1.00000  
   2   1.00000   1.00000   1.00000   1.00000   1.00000  -1.00000   1.00000   1.00000   1.00000   1.00000   1.00000  -1.00000  
   3   2.00000   1.53200   0.34730  -1.00000  -1.87930   0.00000   2.00000  -1.87930  -1.00000   0.34730   1.53200   0.00000  
   4   2.00000   0.34730  -1.87930  -1.00000   1.53200   0.00000   2.00000   1.53200  -1.00000  -1.87930   0.34730   0.00000  
   5   2.00000  -1.00000  -1.00000   2.00000  -1.00000   0.00000   2.00000  -1.00000   2.00000  -1.00000  -1.00000   0.00000  
   6   2.00000  -1.87930   1.53200  -1.00000   0.34730   0.00000   2.00000   0.34730  -1.00000   1.53200  -1.87930   0.00000  
   7   1.00000   1.00000   1.00000   1.00000   1.00000   1.00000  -1.00000  -1.00000  -1.00000  -1.00000  -1.00000  -1.00000  
   8   1.00000   1.00000   1.00000   1.00000   1.00000  -1.00000  -1.00000  -1.00000  -1.00000  -1.00000  -1.00000   1.00000  
   9   2.00000   1.53200   0.34730  -1.00000  -1.87930   0.00000  -2.00000   1.87930   1.00000  -0.34730  -1.53200   0.00000  
  10   2.00000   0.34730  -1.87930  -1.00000   1.53200   0.00000  -2.00000  -1.53200   1.00000   1.87930  -0.34730   0.00000  
  11   2.00000  -1.00000  -1.00000   2.00000  -1.00000   0.00000  -2.00000   1.00000  -2.00000   1.00000   1.00000   0.00000  
  12   2.00000  -1.87930   1.53200  -1.00000   0.34730   0.00000  -2.00000  -0.34730   1.00000  -1.53200   1.87930   0.00000  

