Group	D9h 
n	12

     	Irred     	Operation
   1 	 A1'        	 E         
   2 	 A1"        	 C9        
   3 	 A2'        	 C9^2      
   4 	 A2"        	 C3        
   5 	 E1'        	 C9^4      
   6 	 E1"        	 C2'       
   7 	 E2'        	 sh        
   8 	 E2"        	 S9        
   9 	 E3'        	 S3        
  10 	 E3"        	 S9^5      
  11 	 E4'        	 S9^7      
  12 	 E4"        	 sv        

Table
         1         2         3         4         5         6         7         8         9         10        11        12     
   1   1.00000   1.00000   1.00000   1.00000   1.00000   1.00000   1.00000   1.00000   1.00000   1.00000   1.00000   1.00000  
   2   1.00000   1.00000   1.00000   1.00000   1.00000   1.00000  -1.00000  -1.00000  -1.00000  -1.00000  -1.00000  -1.00000  
   3   1.00000   1.00000   1.00000   1.00000   1.00000  -1.00000   1.00000   1.00000   1.00000   1.00000   1.00000  -1.00000  
   4   1.00000   1.00000   1.00000   1.00000   1.00000  -1.00000  -1.00000  -1.00000  -1.00000  -1.00000  -1.00000   1.00000  
   5   2.00000   1.53200   0.34730  -1.00000  -1.87930   0.00000   2.00000   1.53200  -1.00000  -1.87930   0.34730   0.00000  
   6   2.00000   1.53200   0.34730  -1.00000  -1.87930   0.00000  -2.00000  -1.53200   1.00000   1.87930  -0.34730   0.00000  
   7   2.00000   0.34730  -1.87930  -1.00000   1.53200   0.00000   2.00000   0.34730  -1.00000   1.53200  -1.87930   0.00000  
   8   2.00000   0.34730  -1.87930  -1.00000   1.53200   0.00000  -2.00000  -0.34730   1.00000  -1.53200   1.87930   0.00000  
   9   2.00000  -1.00000  -1.00000   2.00000  -1.00000   0.00000   2.00000  -1.00000   2.00000  -1.00000  -1.00000   0.00000  
  10   2.00000  -1.00000  -1.00000   2.00000  -1.00000   0.00000  -2.00000   1.00000  -2.00000   1.00000   1.00000   0.00000  
  11   2.00000  -1.87930   1.53200  -1.00000   0.34730   0.00000   2.00000  -1.87930  -1.00000   0.34730   1.53200   0.00000  
  12   2.00000  -1.87930   1.53200  -1.00000   0.34730   0.00000  -2.00000   1.87930   1.00000  -0.34730  -1.53200   0.00000  

