Group	D32h 
n	38

     	Irred     	Operation
   1 	 Sigma_g+    	 E         
   2 	 Sigma_g-    	 C32       
   3 	 B1g        	 C16       
   4 	 B2g        	 C32^3     
   5 	 Pi_g       	 C8        
   6 	 Delta_g    	 C32^5     
   7 	 Phi_g      	 C16^3     
   8 	 Gamma_g    	 C32^7     
   9 	 E5g        	 C4        
  10 	 E6g        	 C32^9     
  11 	 E7g        	 C16^5     
  12 	 E8g        	 C32^11    
  13 	 E9g        	 C8^3      
  14 	 E10g       	 C32^13    
  15 	 E11g       	 C16^7     
  16 	 E12g       	 C32^15    
  17 	 E13g       	 C2        
  18 	 E14g       	 C2'       
  19 	 E15g       	 C2"       
  20 	 Sigma_u+   	 i         
  21 	 Sigma_u-   	 S32       
  22 	 B1u        	 S16       
  23 	 B2u        	 S32^3     
  24 	 Pi_u       	 S8        
  25 	 Delta_u    	 S32^5     
  26 	 Phi_u      	 S16^3     
  27 	 Gamma_u    	 S32^7     
  28 	 E5u        	 S4        
  29 	 E6u        	 S32^9     
  30 	 E7u        	 S16^5     
  31 	 E8u        	 S32^11    
  32 	 E9u        	 S8^3      
  33 	 E10u       	 S32^13    
  34 	 E11u       	 S16^7     
  35 	 E12u       	 S32^15    
  36 	 E13u       	 sh        
  37 	 E14u       	 sv        
  38 	 E15u       	 sd        

Table
         1         2         3         4         5         6         7         8         9         10        11        12        13        14        15        16        17        18        19        20        21        22        23        24        25        26        27        28        29        30        31        32        33        34        35        36        37        38     
   1   1.00000   1.00000   1.00000   1.00000   1.00000   1.00000   1.00000   1.00000   1.00000   1.00000   1.00000   1.00000   1.00000   1.00000   1.00000   1.00000   1.00000   1.00000   1.00000   1.00000   1.00000   1.00000   1.00000   1.00000   1.00000   1.00000   1.00000   1.00000   1.00000   1.00000   1.00000   1.00000   1.00000   1.00000   1.00000   1.00000   1.00000   1.00000  
   2   1.00000   1.00000   1.00000   1.00000   1.00000   1.00000   1.00000   1.00000   1.00000   1.00000   1.00000   1.00000   1.00000   1.00000   1.00000   1.00000   1.00000  -1.00000  -1.00000   1.00000   1.00000   1.00000   1.00000   1.00000   1.00000   1.00000   1.00000   1.00000   1.00000   1.00000   1.00000   1.00000   1.00000   1.00000   1.00000   1.00000  -1.00000  -1.00000  
   3   1.00000  -1.00000   1.00000  -1.00000   1.00000  -1.00000   1.00000  -1.00000   1.00000  -1.00000   1.00000  -1.00000   1.00000  -1.00000   1.00000  -1.00000   1.00000   1.00000  -1.00000   1.00000  -1.00000   1.00000  -1.00000   1.00000  -1.00000   1.00000  -1.00000   1.00000  -1.00000   1.00000  -1.00000   1.00000  -1.00000   1.00000  -1.00000   1.00000   1.00000  -1.00000  
   4   1.00000  -1.00000   1.00000  -1.00000   1.00000  -1.00000   1.00000  -1.00000   1.00000  -1.00000   1.00000  -1.00000   1.00000  -1.00000   1.00000  -1.00000   1.00000  -1.00000   1.00000   1.00000  -1.00000   1.00000  -1.00000   1.00000  -1.00000   1.00000  -1.00000   1.00000  -1.00000   1.00000  -1.00000   1.00000  -1.00000   1.00000  -1.00000   1.00000  -1.00000   1.00000  
   5   2.00000   1.96157   1.84776   1.66294   1.41421   1.11114   0.76537   0.39018   0.00000  -0.39018  -0.76537  -1.11114  -1.41421  -1.66294  -1.84776  -1.96157  -2.00000   0.00000   0.00000   2.00000  -1.96157  -1.84776  -1.66294  -1.41421  -1.11114  -0.76537  -0.39018   0.00000   0.39018   0.76537   1.11114   1.41421   1.66294   1.84776   1.96157  -2.00000   0.00000   0.00000  
   6   2.00000   1.84776   1.41421   0.76537   0.00000  -0.76537  -1.41421  -1.84776  -2.00000  -1.84776  -1.41421  -0.76537   0.00000   0.76537   1.41421   1.84776   2.00000   0.00000   0.00000   2.00000   1.84776   1.41421   0.76537   0.00000  -0.76537  -1.41421  -1.84776  -2.00000  -1.84776  -1.41421  -0.76537   0.00000   0.76537   1.41421   1.84776   2.00000   0.00000   0.00000  
   7   2.00000   1.66294   0.76537  -0.39018  -1.41421  -1.96157  -1.84776  -1.11114   0.00000   1.11114   1.84776   1.96157   1.41421   0.39018  -0.76537  -1.66294  -2.00000   0.00000   0.00000   2.00000  -1.66294  -0.76537   0.39018   1.41421   1.96157   1.84776   1.11114   0.00000  -1.11114  -1.84776  -1.96157  -1.41421  -0.39018   0.76537   1.66294  -2.00000   0.00000   0.00000  
   8   2.00000   1.41421   0.00000  -1.41421  -2.00000  -1.41421   0.00000   1.41421   2.00000   1.41421   0.00000  -1.41421  -2.00000  -1.41421   0.00000   1.41421   2.00000   0.00000   0.00000   2.00000   1.41421   0.00000  -1.41421  -2.00000  -1.41421   0.00000   1.41421   2.00000   1.41421   0.00000  -1.41421  -2.00000  -1.41421   0.00000   1.41421   2.00000   0.00000   0.00000  
   9   2.00000   1.11114  -0.76537  -1.96157  -1.41421   0.39018   1.84776   1.66294   0.00000  -1.66294  -1.84776  -0.39018   1.41421   1.96157   0.76537  -1.11114  -2.00000   0.00000   0.00000   2.00000  -1.11114   0.76537   1.96157   1.41421  -0.39018  -1.84776  -1.66294   0.00000   1.66294   1.84776   0.39018  -1.41421  -1.96157  -0.76537   1.11114  -2.00000   0.00000   0.00000  
  10   2.00000   0.76537  -1.41421  -1.84776   0.00000   1.84776   1.41421  -0.76537  -2.00000  -0.76537   1.41421   1.84776   0.00000  -1.84776  -1.41421   0.76537   2.00000   0.00000   0.00000   2.00000   0.76537  -1.41421  -1.84776   0.00000   1.84776   1.41421  -0.76537  -2.00000  -0.76537   1.41421   1.84776   0.00000  -1.84776  -1.41421   0.76537   2.00000   0.00000   0.00000  
  11   2.00000   0.39018  -1.84776  -1.11114   1.41421   1.66294  -0.76537  -1.96157   0.00000   1.96157   0.76537  -1.66294  -1.41421   1.11114   1.84776  -0.39018  -2.00000   0.00000   0.00000   2.00000  -0.39018   1.84776   1.11114  -1.41421  -1.66294   0.76537   1.96157   0.00000  -1.96157  -0.76537   1.66294   1.41421  -1.11114  -1.84776   0.39018  -2.00000   0.00000   0.00000  
  12   2.00000   0.00000  -2.00000   0.00000   2.00000   0.00000  -2.00000   0.00000   2.00000   0.00000  -2.00000   0.00000   2.00000   0.00000  -2.00000   0.00000   2.00000   0.00000   0.00000   2.00000   0.00000  -2.00000   0.00000   2.00000   0.00000  -2.00000   0.00000   2.00000   0.00000  -2.00000   0.00000   2.00000   0.00000  -2.00000   0.00000   2.00000   0.00000   0.00000  
  13   2.00000  -0.39018  -1.84776   1.11114   1.41421  -1.66294  -0.76537   1.96157   0.00000  -1.96157   0.76537   1.66294  -1.41421  -1.11114   1.84776   0.39018  -2.00000   0.00000   0.00000   2.00000   0.39018   1.84776  -1.11114  -1.41421   1.66294   0.76537  -1.96157   0.00000   1.96157  -0.76537  -1.66294   1.41421   1.11114  -1.84776  -0.39018  -2.00000   0.00000   0.00000  
  14   2.00000  -0.76537  -1.41421   1.84776   0.00000  -1.84776   1.41421   0.76537  -2.00000   0.76537   1.41421  -1.84776   0.00000   1.84776  -1.41421  -0.76537   2.00000   0.00000   0.00000   2.00000  -0.76537  -1.41421   1.84776   0.00000  -1.84776   1.41421   0.76537  -2.00000   0.76537   1.41421  -1.84776   0.00000   1.84776  -1.41421  -0.76537   2.00000   0.00000   0.00000  
  15   2.00000  -1.11114  -0.76537   1.96157  -1.41421  -0.39018   1.84776  -1.66294   0.00000   1.66294  -1.84776   0.39018   1.41421  -1.96157   0.76537   1.11114  -2.00000   0.00000   0.00000   2.00000   1.11114   0.76537  -1.96157   1.41421   0.39018  -1.84776   1.66294   0.00000  -1.66294   1.84776  -0.39018  -1.41421   1.96157  -0.76537  -1.11114  -2.00000   0.00000   0.00000  
  16   2.00000  -1.41421   0.00000   1.41421  -2.00000   1.41421   0.00000  -1.41421   2.00000  -1.41421   0.00000   1.41421  -2.00000   1.41421   0.00000  -1.41421   2.00000   0.00000   0.00000   2.00000  -1.41421   0.00000   1.41421  -2.00000   1.41421   0.00000  -1.41421   2.00000  -1.41421   0.00000   1.41421  -2.00000   1.41421   0.00000  -1.41421   2.00000   0.00000   0.00000  
  17   2.00000  -1.66294   0.76537   0.39018  -1.41421   1.96157  -1.84776   1.11114   0.00000  -1.11114   1.84776  -1.96157   1.41421  -0.39018  -0.76537   1.66294  -2.00000   0.00000   0.00000   2.00000   1.66294  -0.76537  -0.39018   1.41421  -1.96157   1.84776  -1.11114   0.00000   1.11114  -1.84776   1.96157  -1.41421   0.39018   0.76537  -1.66294  -2.00000   0.00000   0.00000  
  18   2.00000  -1.84776   1.41421  -0.76537   0.00000   0.76537  -1.41421   1.84776  -2.00000   1.84776  -1.41421   0.76537   0.00000  -0.76537   1.41421  -1.84776   2.00000   0.00000   0.00000   2.00000  -1.84776   1.41421  -0.76537   0.00000   0.76537  -1.41421   1.84776  -2.00000   1.84776  -1.41421   0.76537   0.00000  -0.76537   1.41421  -1.84776   2.00000   0.00000   0.00000  
  19   2.00000  -1.96157   1.84776  -1.66294   1.41421  -1.11114   0.76537  -0.39018   0.00000   0.39018  -0.76537   1.11114  -1.41421   1.66294  -1.84776   1.96157  -2.00000   0.00000   0.00000   2.00000   1.96157  -1.84776   1.66294  -1.41421   1.11114  -0.76537   0.39018   0.00000  -0.39018   0.76537  -1.11114   1.41421  -1.66294   1.84776  -1.96157  -2.00000   0.00000   0.00000  
  20   1.00000   1.00000   1.00000   1.00000   1.00000   1.00000   1.00000   1.00000   1.00000   1.00000   1.00000   1.00000   1.00000   1.00000   1.00000   1.00000   1.00000   1.00000   1.00000  -1.00000  -1.00000  -1.00000  -1.00000  -1.00000  -1.00000  -1.00000  -1.00000  -1.00000  -1.00000  -1.00000  -1.00000  -1.00000  -1.00000  -1.00000  -1.00000  -1.00000  -1.00000  -1.00000  
  21   1.00000   1.00000   1.00000   1.00000   1.00000   1.00000   1.00000   1.00000   1.00000   1.00000   1.00000   1.00000   1.00000   1.00000   1.00000   1.00000   1.00000  -1.00000  -1.00000  -1.00000  -1.00000  -1.00000  -1.00000  -1.00000  -1.00000  -1.00000  -1.00000  -1.00000  -1.00000  -1.00000  -1.00000  -1.00000  -1.00000  -1.00000  -1.00000  -1.00000   1.00000   1.00000  
  22   1.00000  -1.00000   1.00000  -1.00000   1.00000  -1.00000   1.00000  -1.00000   1.00000  -1.00000   1.00000  -1.00000   1.00000  -1.00000   1.00000  -1.00000   1.00000   1.00000  -1.00000  -1.00000   1.00000  -1.00000   1.00000  -1.00000   1.00000  -1.00000   1.00000  -1.00000   1.00000  -1.00000   1.00000  -1.00000   1.00000  -1.00000   1.00000  -1.00000  -1.00000   1.00000  
  23   1.00000  -1.00000   1.00000  -1.00000   1.00000  -1.00000   1.00000  -1.00000   1.00000  -1.00000   1.00000  -1.00000   1.00000  -1.00000   1.00000  -1.00000   1.00000  -1.00000   1.00000  -1.00000   1.00000  -1.00000   1.00000  -1.00000   1.00000  -1.00000   1.00000  -1.00000   1.00000  -1.00000   1.00000  -1.00000   1.00000  -1.00000   1.00000  -1.00000   1.00000  -1.00000  
  24   2.00000   1.96157   1.84776   1.66294   1.41421   1.11114   0.76537   0.39018   0.00000  -0.39018  -0.76537  -1.11114  -1.41421  -1.66294  -1.84776  -1.96157  -2.00000   0.00000   0.00000  -2.00000   1.96157   1.84776   1.66294   1.41421   1.11114   0.76537   0.39018   0.00000  -0.39018  -0.76537  -1.11114  -1.41421  -1.66294  -1.84776  -1.96157   2.00000   0.00000   0.00000  
  25   2.00000   1.84776   1.41421   0.76537   0.00000  -0.76537  -1.41421  -1.84776  -2.00000  -1.84776  -1.41421  -0.76537   0.00000   0.76537   1.41421   1.84776   2.00000   0.00000   0.00000  -2.00000  -1.84776  -1.41421  -0.76537   0.00000   0.76537   1.41421   1.84776   2.00000   1.84776   1.41421   0.76537   0.00000  -0.76537  -1.41421  -1.84776  -2.00000   0.00000   0.00000  
  26   2.00000   1.66294   0.76537  -0.39018  -1.41421  -1.96157  -1.84776  -1.11114   0.00000   1.11114   1.84776   1.96157   1.41421   0.39018  -0.76537  -1.66294  -2.00000   0.00000   0.00000  -2.00000   1.66294   0.76537  -0.39018  -1.41421  -1.96157  -1.84776  -1.11114   0.00000   1.11114   1.84776   1.96157   1.41421   0.39018  -0.76537  -1.66294   2.00000   0.00000   0.00000  
  27   2.00000   1.41421   0.00000  -1.41421  -2.00000  -1.41421   0.00000   1.41421   2.00000   1.41421   0.00000  -1.41421  -2.00000  -1.41421   0.00000   1.41421   2.00000   0.00000   0.00000  -2.00000  -1.41421   0.00000   1.41421   2.00000   1.41421   0.00000  -1.41421  -2.00000  -1.41421   0.00000   1.41421   2.00000   1.41421   0.00000  -1.41421  -2.00000   0.00000   0.00000  
  28   2.00000   1.11114  -0.76537  -1.96157  -1.41421   0.39018   1.84776   1.66294   0.00000  -1.66294  -1.84776  -0.39018   1.41421   1.96157   0.76537  -1.11114  -2.00000   0.00000   0.00000  -2.00000   1.11114  -0.76537  -1.96157  -1.41421   0.39018   1.84776   1.66294   0.00000  -1.66294  -1.84776  -0.39018   1.41421   1.96157   0.76537  -1.11114   2.00000   0.00000   0.00000  
  29   2.00000   0.76537  -1.41421  -1.84776   0.00000   1.84776   1.41421  -0.76537  -2.00000  -0.76537   1.41421   1.84776   0.00000  -1.84776  -1.41421   0.76537   2.00000   0.00000   0.00000  -2.00000  -0.76537   1.41421   1.84776   0.00000  -1.84776  -1.41421   0.76537   2.00000   0.76537  -1.41421  -1.84776   0.00000   1.84776   1.41421  -0.76537  -2.00000   0.00000   0.00000  
  30   2.00000   0.39018  -1.84776  -1.11114   1.41421   1.66294  -0.76537  -1.96157   0.00000   1.96157   0.76537  -1.66294  -1.41421   1.11114   1.84776  -0.39018  -2.00000   0.00000   0.00000  -2.00000   0.39018  -1.84776  -1.11114   1.41421   1.66294  -0.76537  -1.96157   0.00000   1.96157   0.76537  -1.66294  -1.41421   1.11114   1.84776  -0.39018   2.00000   0.00000   0.00000  
  31   2.00000   0.00000  -2.00000   0.00000   2.00000   0.00000  -2.00000   0.00000   2.00000   0.00000  -2.00000   0.00000   2.00000   0.00000  -2.00000   0.00000   2.00000   0.00000   0.00000  -2.00000   0.00000   2.00000   0.00000  -2.00000   0.00000   2.00000   0.00000  -2.00000   0.00000   2.00000   0.00000  -2.00000   0.00000   2.00000   0.00000  -2.00000   0.00000   0.00000  
  32   2.00000  -0.39018  -1.84776   1.11114   1.41421  -1.66294  -0.76537   1.96157   0.00000  -1.96157   0.76537   1.66294  -1.41421  -1.11114   1.84776   0.39018  -2.00000   0.00000   0.00000  -2.00000  -0.39018  -1.84776   1.11114   1.41421  -1.66294  -0.76537   1.96157   0.00000  -1.96157   0.76537   1.66294  -1.41421  -1.11114   1.84776   0.39018   2.00000   0.00000   0.00000  
  33   2.00000  -0.76537  -1.41421   1.84776   0.00000  -1.84776   1.41421   0.76537  -2.00000   0.76537   1.41421  -1.84776   0.00000   1.84776  -1.41421  -0.76537   2.00000   0.00000   0.00000  -2.00000   0.76537   1.41421  -1.84776   0.00000   1.84776  -1.41421  -0.76537   2.00000  -0.76537  -1.41421   1.84776   0.00000  -1.84776   1.41421   0.76537  -2.00000   0.00000   0.00000  
  34   2.00000  -1.11114  -0.76537   1.96157  -1.41421  -0.39018   1.84776  -1.66294   0.00000   1.66294  -1.84776   0.39018   1.41421  -1.96157   0.76537   1.11114  -2.00000   0.00000   0.00000  -2.00000  -1.11114  -0.76537   1.96157  -1.41421  -0.39018   1.84776  -1.66294   0.00000   1.66294  -1.84776   0.39018   1.41421  -1.96157   0.76537   1.11114   2.00000   0.00000   0.00000  
  35   2.00000  -1.41421   0.00000   1.41421  -2.00000   1.41421   0.00000  -1.41421   2.00000  -1.41421   0.00000   1.41421  -2.00000   1.41421   0.00000  -1.41421   2.00000   0.00000   0.00000  -2.00000   1.41421   0.00000  -1.41421   2.00000  -1.41421   0.00000   1.41421  -2.00000   1.41421   0.00000  -1.41421   2.00000  -1.41421   0.00000   1.41421  -2.00000   0.00000   0.00000  
  36   2.00000  -1.66294   0.76537   0.39018  -1.41421   1.96157  -1.84776   1.11114   0.00000  -1.11114   1.84776  -1.96157   1.41421  -0.39018  -0.76537   1.66294  -2.00000   0.00000   0.00000  -2.00000  -1.66294   0.76537   0.39018  -1.41421   1.96157  -1.84776   1.11114   0.00000  -1.11114   1.84776  -1.96157   1.41421  -0.39018  -0.76537   1.66294   2.00000   0.00000   0.00000  
  37   2.00000  -1.84776   1.41421  -0.76537   0.00000   0.76537  -1.41421   1.84776  -2.00000   1.84776  -1.41421   0.76537   0.00000  -0.76537   1.41421  -1.84776   2.00000   0.00000   0.00000  -2.00000   1.84776  -1.41421   0.76537   0.00000  -0.76537   1.41421  -1.84776   2.00000  -1.84776   1.41421  -0.76537   0.00000   0.76537  -1.41421   1.84776  -2.00000   0.00000   0.00000  
  38   2.00000  -1.96157   1.84776  -1.66294   1.41421  -1.11114   0.76537  -0.39018   0.00000   0.39018  -0.76537   1.11114  -1.41421   1.66294  -1.84776   1.96157  -2.00000   0.00000   0.00000  -2.00000  -1.96157   1.84776  -1.66294   1.41421  -1.11114   0.76537  -0.39018   0.00000   0.39018  -0.76537   1.11114  -1.41421   1.66294  -1.84776   1.96157   2.00000   0.00000   0.00000  

