Group	I 
n	5

     	Irred     	Operation
   1 	 A          	 E         
   2 	 T1         	 C5        
   3 	 T2         	 C5^2      
   4 	 G          	 C3        
   5 	 H          	 C2        

Table
         1         2         3         4         5      
   1   1.00000   1.00000   1.00000   1.00000   1.00000  
   2   3.00000   1.61803  -0.61803   0.00000  -1.00000  
   3   3.00000  -0.61803   1.61803   0.00000  -1.00000  
   4   4.00000  -1.00000  -1.00000   1.00000   0.00000  
   5   5.00000   0.00000   0.00000  -1.00000   1.00000  

