Group	Ih 
n	10

     	Irred     	Operation
   1 	 Ag         	 E         
   2 	 T1g        	 C5        
   3 	 T2g        	 C5^2      
   4 	 Gg         	 C3        
   5 	 Hg         	 C2        
   6 	 Au         	 i         
   7 	 T1u        	 S10       
   8 	 T2u        	 S10^3     
   9 	 Gu         	 S6        
  10 	 Hu         	 s         

Table
         1         2         3         4         5         6         7         8         9         10     
   1   1.00000   1.00000   1.00000   1.00000   1.00000   1.00000   1.00000   1.00000   1.00000   1.00000  
   2   3.00000   1.61803  -0.61803   0.00000  -1.00000   3.00000  -0.61803   1.61803   0.00000  -1.00000  
   3   3.00000  -0.61803   1.61803   0.00000  -1.00000   3.00000   1.61803  -0.61803   0.00000  -1.00000  
   4   4.00000  -1.00000  -1.00000   1.00000   0.00000   4.00000  -1.00000  -1.00000   1.00000   0.00000  
   5   5.00000   0.00000   0.00000  -1.00000   1.00000   5.00000   0.00000   0.00000  -1.00000   1.00000  
   6   1.00000   1.00000   1.00000   1.00000   1.00000  -1.00000  -1.00000  -1.00000  -1.00000  -1.00000  
   7   3.00000   1.61803  -0.61803   0.00000  -1.00000  -3.00000   0.61803  -1.61803   0.00000   1.00000  
   8   3.00000  -0.61803   1.61803   0.00000  -1.00000  -3.00000  -1.61803   0.61803   0.00000   1.00000  
   9   4.00000  -1.00000  -1.00000   1.00000   0.00000  -4.00000   1.00000   1.00000  -1.00000   0.00000  
  10   5.00000   0.00000   0.00000  -1.00000   1.00000  -5.00000   0.00000   0.00000   1.00000  -1.00000  

