Group	Oh 
n	10

     	Irred     	Operation
   1 	 A1g        	 E         
   2 	 A2g        	 C3        
   3 	 Eg         	 C2        
   4 	 T1g        	 C4        
   5 	 T2g        	 C2'       
   6 	 A1u        	 i         
   7 	 A2u        	 S6        
   8 	 Eu         	 sh        
   9 	 T1u        	 S4        
  10 	 T2u        	 sd        

Table
         1         2         3         4         5         6         7         8         9         10     
   1   1.00000   1.00000   1.00000   1.00000   1.00000   1.00000   1.00000   1.00000   1.00000   1.00000  
   2   1.00000   1.00000   1.00000  -1.00000  -1.00000   1.00000   1.00000   1.00000  -1.00000  -1.00000  
   3   2.00000  -1.00000   2.00000   0.00000   0.00000   2.00000  -1.00000   2.00000   0.00000   0.00000  
   4   3.00000   0.00000  -1.00000   1.00000  -1.00000   3.00000   0.00000  -1.00000   1.00000  -1.00000  
   5   3.00000   0.00000  -1.00000  -1.00000   1.00000   3.00000   0.00000  -1.00000  -1.00000   1.00000  
   6   1.00000   1.00000   1.00000   1.00000   1.00000  -1.00000  -1.00000  -1.00000  -1.00000  -1.00000  
   7   1.00000   1.00000   1.00000  -1.00000  -1.00000  -1.00000  -1.00000  -1.00000   1.00000   1.00000  
   8   2.00000  -1.00000   2.00000   0.00000   0.00000  -2.00000   1.00000  -2.00000   0.00000   0.00000  
   9   3.00000   0.00000  -1.00000   1.00000  -1.00000  -3.00000   0.00000   1.00000  -1.00000   1.00000  
  10   3.00000   0.00000  -1.00000  -1.00000   1.00000  -3.00000   0.00000   1.00000   1.00000  -1.00000  

