Group	Td 
n	5

     	Irred     	Operation
   1 	 A1         	 E         
   2 	 A2         	 C3        
   3 	 E          	 C2        
   4 	 T1         	 S4        
   5 	 T2         	 sd        

Table
         1         2         3         4         5      
   1   1.00000   1.00000   1.00000   1.00000   1.00000  
   2   1.00000   1.00000   1.00000  -1.00000  -1.00000  
   3   2.00000  -1.00000   2.00000   0.00000   0.00000  
   4   3.00000   0.00000  -1.00000   1.00000  -1.00000  
   5   3.00000   0.00000  -1.00000  -1.00000   1.00000  

