Group	Th 
n	6

     	Irred     	Operation
   1 	 Ag         	 E         
   2 	 Eg         	 C3        
   3 	 Tg         	 C2        
   4 	 Au         	 i         
   5 	 Eu         	 S6        
   6 	 Tu         	 sh        

Table
         1         2         3         4         5         6      
   1   1.00000   1.00000   1.00000   1.00000   1.00000   1.00000  
   2   2.00000  -1.00000   2.00000   2.00000  -1.00000   2.00000  
   3   3.00000   0.00000  -1.00000   3.00000   0.00000  -1.00000  
   4   1.00000   1.00000   1.00000  -1.00000  -1.00000  -1.00000  
   5   2.00000  -1.00000   2.00000  -2.00000   1.00000  -2.00000  
   6   3.00000   0.00000  -1.00000  -3.00000   0.00000   1.00000  

